............                                                             [100%]

--------------------------------------------------------------------------------------------- benchmark: 12 tests ---------------------------------------------------------------------------------------------
Name (time in ms)                                Min                 Max                Mean            StdDev              Median               IQR            Outliers      OPS            Rounds  Iterations
---------------------------------------------------------------------------------------------------------------------------------------------------------------------------------------------------------------
test_process_data_benchmark[1-1000000]       40.6305 (1.0)       41.2807 (1.00)      41.1580 (1.00)     0.1861 (7.02)      41.2172 (1.00)     0.0394 (1.63)          3;3  24.2966 (1.00)         24           1
test_process_data_benchmark[5-1000000]       41.0153 (1.01)      41.1328 (1.0)       41.0764 (1.0)      0.0320 (1.21)      41.0735 (1.0)      0.0459 (1.91)          9;0  24.3449 (1.0)          24           1
test_process_data_benchmark[3-1000000]       41.0302 (1.01)      41.1813 (1.00)      41.0884 (1.00)     0.0312 (1.18)      41.0891 (1.00)     0.0340 (1.41)          5;1  24.3378 (1.00)         24           1
test_process_data_benchmark[2-1000000]       41.0437 (1.01)      41.1523 (1.00)      41.0866 (1.00)     0.0265 (1.0)       41.0853 (1.00)     0.0395 (1.64)          7;0  24.3389 (1.00)         24           1
test_process_data_benchmark[4-1000000]       41.0735 (1.01)      41.1762 (1.00)      41.1199 (1.00)     0.0265 (1.00)      41.1201 (1.00)     0.0342 (1.42)          7;0  24.3191 (1.00)         24           1
test_process_data_benchmark[0-1000000]       41.5347 (1.02)      42.6735 (1.04)      41.6215 (1.01)     0.2249 (8.48)      41.5773 (1.01)     0.0241 (1.0)           1;1  24.0260 (0.99)         24           1
test_process_data_benchmark[1-10000000]     425.4454 (10.47)    425.7262 (10.35)    425.5651 (10.36)    0.1035 (3.90)     425.5651 (10.36)    0.1137 (4.72)          2;0   2.3498 (0.10)          5           1
test_process_data_benchmark[2-10000000]     430.2306 (10.59)    431.1089 (10.48)    430.5407 (10.48)    0.3585 (13.52)    430.3679 (10.48)    0.4828 (20.05)         1;0   2.3227 (0.10)          5           1
test_process_data_benchmark[3-10000000]     430.2632 (10.59)    430.6877 (10.47)    430.4770 (10.48)    0.1538 (5.80)     430.4608 (10.48)    0.1736 (7.21)          2;0   2.3230 (0.10)          5           1
test_process_data_benchmark[0-10000000]     430.2800 (10.59)    431.2449 (10.48)    430.5537 (10.48)    0.3913 (14.76)    430.4240 (10.48)    0.2845 (11.81)         1;1   2.3226 (0.10)          5           1
test_process_data_benchmark[4-10000000]     430.3533 (10.59)    431.2792 (10.49)    430.6199 (10.48)    0.3806 (14.35)    430.5186 (10.48)    0.3852 (15.99)         1;0   2.3222 (0.10)          5           1
test_process_data_benchmark[5-10000000]     436.7006 (10.75)    437.2694 (10.63)    436.9610 (10.64)    0.2214 (8.35)     437.0129 (10.64)    0.3116 (12.94)         2;0   2.2885 (0.09)          5           1
---------------------------------------------------------------------------------------------------------------------------------------------------------------------------------------------------------------

Legend:
  Outliers: 1 Standard Deviation from Mean; 1.5 IQR (InterQuartile Range) from 1st Quartile and 3rd Quartile.
  OPS: Operations Per Second, computed as 1 / Mean
12 passed in 26.66s

 Performance counter stats for 'system wide':

            622,70 Joules power/energy-pkg/                                           

      26,805332091 seconds time elapsed

