............                                                             [100%]

--------------------------------------------------------------------------------------------- benchmark: 12 tests ---------------------------------------------------------------------------------------------
Name (time in ms)                                Min                 Max                Mean            StdDev              Median               IQR            Outliers      OPS            Rounds  Iterations
---------------------------------------------------------------------------------------------------------------------------------------------------------------------------------------------------------------
test_process_data_benchmark[1-1000000]       40.6249 (1.0)       40.9898 (1.0)       40.8628 (1.0)      0.0771 (1.45)      40.8710 (1.0)      0.0319 (1.0)           4;4  24.4721 (1.0)          24           1
test_process_data_benchmark[0-1000000]       41.0204 (1.01)      42.1664 (1.03)      41.1376 (1.01)     0.2700 (5.08)      41.0564 (1.00)     0.0333 (1.04)          2;4  24.3086 (0.99)         24           1
test_process_data_benchmark[2-1000000]       41.1136 (1.01)      41.9011 (1.02)      41.1920 (1.01)     0.1553 (2.92)      41.1536 (1.01)     0.0517 (1.62)          1;1  24.2766 (0.99)         24           1
test_process_data_benchmark[3-1000000]       41.1194 (1.01)      41.7581 (1.02)      41.2603 (1.01)     0.1963 (3.69)      41.1880 (1.01)     0.0993 (3.11)          3;3  24.2364 (0.99)         24           1
test_process_data_benchmark[5-1000000]       41.1277 (1.01)      41.3317 (1.01)      41.1959 (1.01)     0.0531 (1.0)       41.1842 (1.01)     0.0630 (1.98)          7;1  24.2742 (0.99)         24           1
test_process_data_benchmark[4-1000000]       41.1316 (1.01)      41.9096 (1.02)      41.2144 (1.01)     0.1541 (2.90)      41.1814 (1.01)     0.0608 (1.91)          1;2  24.2634 (0.99)         24           1
test_process_data_benchmark[1-10000000]     425.3669 (10.47)    431.8046 (10.53)    428.0829 (10.48)    3.3816 (63.64)    425.8384 (10.42)    6.1972 (194.26)        2;0   2.3360 (0.10)          5           1
test_process_data_benchmark[2-10000000]     430.3055 (10.59)    430.9687 (10.51)    430.5871 (10.54)    0.2435 (4.58)     430.5634 (10.53)    0.2654 (8.32)          2;0   2.3224 (0.09)          5           1
test_process_data_benchmark[3-10000000]     430.6320 (10.60)    430.9918 (10.51)    430.8723 (10.54)    0.1398 (2.63)     430.9059 (10.54)    0.1273 (3.99)          1;1   2.3209 (0.09)          5           1
test_process_data_benchmark[4-10000000]     431.1285 (10.61)    431.6534 (10.53)    431.3644 (10.56)    0.2100 (3.95)     431.3812 (10.55)    0.3282 (10.29)         2;0   2.3182 (0.09)          5           1
test_process_data_benchmark[5-10000000]     431.1319 (10.61)    431.5947 (10.53)    431.3583 (10.56)    0.1787 (3.36)     431.3852 (10.55)    0.2625 (8.23)          2;0   2.3183 (0.09)          5           1
test_process_data_benchmark[0-10000000]     431.2478 (10.62)    431.4892 (10.53)    431.3575 (10.56)    0.1177 (2.22)     431.3017 (10.55)    0.2190 (6.87)          2;0   2.3183 (0.09)          5           1
---------------------------------------------------------------------------------------------------------------------------------------------------------------------------------------------------------------

Legend:
  Outliers: 1 Standard Deviation from Mean; 1.5 IQR (InterQuartile Range) from 1st Quartile and 3rd Quartile.
  OPS: Operations Per Second, computed as 1 / Mean
12 passed in 26.65s

 Performance counter stats for 'system wide':

            647,38 Joules power/energy-pkg/                                           

      26,788006099 seconds time elapsed

