............                                                             [100%]

--------------------------------------------------------------------------------------------- benchmark: 12 tests ---------------------------------------------------------------------------------------------
Name (time in ms)                                Min                 Max                Mean            StdDev              Median               IQR            Outliers      OPS            Rounds  Iterations
---------------------------------------------------------------------------------------------------------------------------------------------------------------------------------------------------------------
test_process_data_benchmark[0-1000000]       41.5809 (1.0)       42.7523 (1.02)      41.6716 (1.0)      0.2325 (9.50)      41.6140 (1.0)      0.0220 (1.0)           1;3  23.9972 (1.0)          24           1
test_process_data_benchmark[2-1000000]       41.6334 (1.00)      41.7861 (1.00)      41.6856 (1.00)     0.0368 (1.50)      41.6772 (1.00)     0.0337 (1.53)          5;2  23.9891 (1.00)         24           1
test_process_data_benchmark[4-1000000]       41.6575 (1.00)      41.8061 (1.00)      41.7003 (1.00)     0.0411 (1.68)      41.6850 (1.00)     0.0496 (2.26)          5;1  23.9806 (1.00)         24           1
test_process_data_benchmark[3-1000000]       41.6592 (1.00)      41.7646 (1.0)       41.6999 (1.00)     0.0245 (1.0)       41.6944 (1.00)     0.0287 (1.30)          5;2  23.9809 (1.00)         24           1
test_process_data_benchmark[5-1000000]       41.6993 (1.00)      41.8193 (1.00)      41.7408 (1.00)     0.0298 (1.22)      41.7351 (1.00)     0.0368 (1.67)          7;1  23.9574 (1.00)         24           1
test_process_data_benchmark[1-1000000]       41.8679 (1.01)      42.3002 (1.01)      42.0709 (1.01)     0.1837 (7.50)      42.0856 (1.01)     0.3720 (16.91)        14;0  23.7694 (0.99)         24           1
test_process_data_benchmark[5-10000000]     435.9104 (10.48)    436.0699 (10.44)    435.9755 (10.46)    0.0676 (2.76)     435.9499 (10.48)    0.1107 (5.03)          1;0   2.2937 (0.10)          5           1
test_process_data_benchmark[2-10000000]     435.9382 (10.48)    437.0451 (10.46)    436.2644 (10.47)    0.4741 (19.36)    436.0069 (10.48)    0.6081 (27.65)         1;0   2.2922 (0.10)          5           1
test_process_data_benchmark[3-10000000]     435.9426 (10.48)    436.1972 (10.44)    436.0703 (10.46)    0.1001 (4.09)     436.0990 (10.48)    0.1490 (6.77)          2;0   2.2932 (0.10)          5           1
test_process_data_benchmark[4-10000000]     436.2097 (10.49)    437.0048 (10.46)    436.5091 (10.47)    0.2997 (12.24)    436.4121 (10.49)    0.3025 (13.75)         1;0   2.2909 (0.10)          5           1
test_process_data_benchmark[0-10000000]     437.4668 (10.52)    438.1843 (10.49)    437.7459 (10.50)    0.2924 (11.94)    437.7554 (10.52)    0.4336 (19.71)         1;0   2.2844 (0.10)          5           1
test_process_data_benchmark[1-10000000]     438.2913 (10.54)    438.4457 (10.50)    438.3664 (10.52)    0.0604 (2.46)     438.3723 (10.53)    0.0922 (4.19)          2;0   2.2812 (0.10)          5           1
---------------------------------------------------------------------------------------------------------------------------------------------------------------------------------------------------------------

Legend:
  Outliers: 1 Standard Deviation from Mean; 1.5 IQR (InterQuartile Range) from 1st Quartile and 3rd Quartile.
  OPS: Operations Per Second, computed as 1 / Mean
12 passed in 26.97s

 Performance counter stats for 'system wide':

            636,83 Joules power/energy-pkg/                                           

      27,117303271 seconds time elapsed

