............                                                             [100%]

--------------------------------------------------------------------------------------------- benchmark: 12 tests ---------------------------------------------------------------------------------------------
Name (time in ms)                                Min                 Max                Mean            StdDev              Median               IQR            Outliers      OPS            Rounds  Iterations
---------------------------------------------------------------------------------------------------------------------------------------------------------------------------------------------------------------
test_process_data_benchmark[1-1000000]       40.8011 (1.0)       40.9024 (1.0)       40.8544 (1.0)      0.0299 (1.0)       40.8459 (1.0)      0.0505 (2.42)          9;0  24.4772 (1.0)          24           1
test_process_data_benchmark[0-1000000]       41.0998 (1.01)      42.2166 (1.03)      41.1690 (1.01)     0.2235 (7.49)      41.1217 (1.01)     0.0209 (1.0)           1;1  24.2901 (0.99)         24           1
test_process_data_benchmark[3-1000000]       41.3141 (1.01)      41.4465 (1.01)      41.3702 (1.01)     0.0347 (1.16)      41.3654 (1.01)     0.0479 (2.30)          9;0  24.1720 (0.99)         24           1
test_process_data_benchmark[5-1000000]       41.3639 (1.01)      41.4688 (1.01)      41.4151 (1.01)     0.0306 (1.02)      41.4123 (1.01)     0.0475 (2.27)         10;0  24.1458 (0.99)         24           1
test_process_data_benchmark[4-1000000]       41.3758 (1.01)      41.5177 (1.02)      41.4317 (1.01)     0.0384 (1.29)      41.4206 (1.01)     0.0582 (2.79)          7;0  24.1361 (0.99)         24           1
test_process_data_benchmark[2-1000000]       41.4251 (1.02)      41.5756 (1.02)      41.4858 (1.02)     0.0360 (1.20)      41.4866 (1.02)     0.0521 (2.50)          8;0  24.1047 (0.98)         24           1
test_process_data_benchmark[1-10000000]     422.3469 (10.35)    422.4866 (10.33)    422.4325 (10.34)    0.0570 (1.91)     422.4619 (10.34)    0.0812 (3.89)          1;0   2.3672 (0.10)          5           1
test_process_data_benchmark[3-10000000]     426.0113 (10.44)    426.3741 (10.42)    426.1943 (10.43)    0.1325 (4.44)     426.2193 (10.43)    0.1536 (7.36)          2;0   2.3463 (0.10)          5           1
test_process_data_benchmark[4-10000000]     426.0508 (10.44)    426.9224 (10.44)    426.5377 (10.44)    0.4015 (13.44)    426.7684 (10.45)    0.6900 (33.07)         1;0   2.3445 (0.10)          5           1
test_process_data_benchmark[5-10000000]     426.1049 (10.44)    426.4091 (10.43)    426.2449 (10.43)    0.1273 (4.26)     426.2687 (10.44)    0.2125 (10.18)         2;0   2.3461 (0.10)          5           1
test_process_data_benchmark[0-10000000]     426.3535 (10.45)    426.7088 (10.43)    426.4885 (10.44)    0.1463 (4.90)     426.4795 (10.44)    0.2226 (10.67)         1;0   2.3447 (0.10)          5           1
test_process_data_benchmark[2-10000000]     426.6557 (10.46)    427.0299 (10.44)    426.8206 (10.45)    0.1462 (4.89)     426.7807 (10.45)    0.2138 (10.25)         2;0   2.3429 (0.10)          5           1
---------------------------------------------------------------------------------------------------------------------------------------------------------------------------------------------------------------

Legend:
  Outliers: 1 Standard Deviation from Mean; 1.5 IQR (InterQuartile Range) from 1st Quartile and 3rd Quartile.
  OPS: Operations Per Second, computed as 1 / Mean
12 passed in 26.46s

 Performance counter stats for 'system wide':

            620,71 Joules power/energy-pkg/                                           

      26,600676674 seconds time elapsed

