............                                                             [100%]

--------------------------------------------------------------------------------------------- benchmark: 12 tests ---------------------------------------------------------------------------------------------
Name (time in ms)                                Min                 Max                Mean            StdDev              Median               IQR            Outliers      OPS            Rounds  Iterations
---------------------------------------------------------------------------------------------------------------------------------------------------------------------------------------------------------------
test_process_data_benchmark[1-1000000]       40.6166 (1.0)       40.7761 (1.0)       40.6964 (1.0)      0.0331 (1.0)       40.7001 (1.0)      0.0466 (1.0)           6;0  24.5722 (1.0)          24           1
test_process_data_benchmark[4-1000000]       40.8208 (1.01)      41.4984 (1.02)      41.1520 (1.01)     0.2927 (8.85)      41.1592 (1.01)     0.5592 (12.01)        10;0  24.3002 (0.99)         24           1
test_process_data_benchmark[3-1000000]       40.8525 (1.01)      41.4824 (1.02)      41.1587 (1.01)     0.2739 (8.28)      41.1510 (1.01)     0.5339 (11.46)         9;0  24.2962 (0.99)         24           1
test_process_data_benchmark[5-1000000]       40.8641 (1.01)      41.5045 (1.02)      41.1788 (1.01)     0.2850 (8.62)      41.1848 (1.01)     0.5506 (11.82)         8;0  24.2844 (0.99)         24           1
test_process_data_benchmark[2-1000000]       40.9166 (1.01)      41.7819 (1.02)      41.3606 (1.02)     0.4097 (12.39)     41.3959 (1.02)     0.8068 (17.32)         9;0  24.1776 (0.98)         24           1
test_process_data_benchmark[0-1000000]       41.4973 (1.02)      42.7146 (1.05)      41.6142 (1.02)     0.2403 (7.27)      41.5779 (1.02)     0.1053 (2.26)          1;1  24.0303 (0.98)         24           1
test_process_data_benchmark[1-10000000]     425.8576 (10.48)    432.7683 (10.61)    428.8015 (10.54)    3.5482 (107.31)   426.6356 (10.48)    6.5431 (140.49)        2;0   2.3321 (0.09)          5           1
test_process_data_benchmark[2-10000000]     427.4873 (10.52)    433.1735 (10.62)    430.9636 (10.59)    3.0064 (90.92)    433.1272 (10.64)    5.4044 (116.04)        2;0   2.3204 (0.09)          5           1
test_process_data_benchmark[3-10000000]     427.5450 (10.53)    433.8783 (10.64)    430.3318 (10.57)    3.2206 (97.40)    428.4121 (10.53)    5.9291 (127.31)        2;0   2.3238 (0.09)          5           1
test_process_data_benchmark[0-10000000]     427.6617 (10.53)    428.4397 (10.51)    428.0579 (10.52)    0.2790 (8.44)     428.0445 (10.52)    0.2894 (6.21)          2;0   2.3361 (0.10)          5           1
test_process_data_benchmark[4-10000000]     427.7935 (10.53)    433.2438 (10.62)    431.0376 (10.59)    2.8683 (86.75)    433.0667 (10.64)    5.1735 (111.08)        2;0   2.3200 (0.09)          5           1
test_process_data_benchmark[5-10000000]     427.8120 (10.53)    433.5960 (10.63)    430.0971 (10.57)    2.9508 (89.24)    428.0455 (10.52)    5.2416 (112.54)        1;0   2.3251 (0.09)          5           1
---------------------------------------------------------------------------------------------------------------------------------------------------------------------------------------------------------------

Legend:
  Outliers: 1 Standard Deviation from Mean; 1.5 IQR (InterQuartile Range) from 1st Quartile and 3rd Quartile.
  OPS: Operations Per Second, computed as 1 / Mean
12 passed in 26.59s

 Performance counter stats for 'system wide':

            644,04 Joules power/energy-pkg/                                           

      26,731074435 seconds time elapsed

