............                                                             [100%]

--------------------------------------------------------------------------------------------- benchmark: 12 tests ----------------------------------------------------------------------------------------------
Name (time in ms)                                Min                 Max                Mean            StdDev              Median                IQR            Outliers      OPS            Rounds  Iterations
----------------------------------------------------------------------------------------------------------------------------------------------------------------------------------------------------------------
test_process_data_benchmark[1-1000000]       40.8334 (1.0)       41.3975 (1.0)       41.1099 (1.0)      0.2473 (2.45)      41.1044 (1.00)      0.4842 (4.41)          9;0  24.3251 (1.0)          24           1
test_process_data_benchmark[0-1000000]       40.9940 (1.00)      42.2409 (1.02)      41.1181 (1.00)     0.2458 (2.43)      41.0751 (1.0)       0.1099 (1.0)           1;1  24.3202 (1.00)         24           1
test_process_data_benchmark[2-1000000]       41.0802 (1.01)      41.9726 (1.01)      41.5280 (1.01)     0.4095 (4.05)      41.5292 (1.01)      0.8031 (7.31)          8;0  24.0801 (0.99)         24           1
test_process_data_benchmark[3-1000000]       41.1676 (1.01)      41.7240 (1.01)      41.4647 (1.01)     0.2346 (2.32)      41.4638 (1.01)      0.4707 (4.28)         12;0  24.1169 (0.99)         24           1
test_process_data_benchmark[4-1000000]       41.1945 (1.01)      41.8060 (1.01)      41.5066 (1.01)     0.2728 (2.70)      41.5209 (1.01)      0.5355 (4.87)         11;0  24.0926 (0.99)         24           1
test_process_data_benchmark[5-1000000]       41.1971 (1.01)      41.8379 (1.01)      41.5239 (1.01)     0.2957 (2.93)      41.5328 (1.01)      0.5838 (5.31)         10;0  24.0825 (0.99)         24           1
test_process_data_benchmark[1-10000000]     427.4284 (10.47)    437.9845 (10.58)    431.7352 (10.50)    5.6994 (56.40)    427.7390 (10.41)    10.4515 (95.10)         2;0   2.3162 (0.10)          5           1
test_process_data_benchmark[2-10000000]     429.6221 (10.52)    435.0368 (10.51)    432.7743 (10.53)    2.7915 (27.62)    434.5385 (10.58)     5.1215 (46.60)         2;0   2.3107 (0.09)          5           1
test_process_data_benchmark[5-10000000]     429.7444 (10.52)    434.7531 (10.50)    431.9246 (10.51)    2.5565 (25.30)    430.6266 (10.48)     4.8481 (44.11)         2;0   2.3152 (0.10)          5           1
test_process_data_benchmark[0-10000000]     429.8675 (10.53)    430.1273 (10.39)    429.9878 (10.46)    0.1011 (1.0)      429.9691 (10.47)     0.1510 (1.37)          2;0   2.3256 (0.10)          5           1
test_process_data_benchmark[4-10000000]     429.9625 (10.53)    435.1088 (10.51)    432.9636 (10.53)    2.6775 (26.50)    434.6519 (10.58)     4.9410 (44.96)         2;0   2.3097 (0.09)          5           1
test_process_data_benchmark[3-10000000]     430.8456 (10.55)    436.0677 (10.53)    432.8275 (10.53)    2.6359 (26.08)    431.0041 (10.49)     4.6395 (42.21)         1;0   2.3104 (0.09)          5           1
----------------------------------------------------------------------------------------------------------------------------------------------------------------------------------------------------------------

Legend:
  Outliers: 1 Standard Deviation from Mean; 1.5 IQR (InterQuartile Range) from 1st Quartile and 3rd Quartile.
  OPS: Operations Per Second, computed as 1 / Mean
12 passed in 26.71s

 Performance counter stats for 'system wide':

            632,28 Joules power/energy-pkg/                                           

      26,846672038 seconds time elapsed

