............                                                             [100%]

--------------------------------------------------------------------------------------------- benchmark: 12 tests ---------------------------------------------------------------------------------------------
Name (time in ms)                                Min                 Max                Mean            StdDev              Median               IQR            Outliers      OPS            Rounds  Iterations
---------------------------------------------------------------------------------------------------------------------------------------------------------------------------------------------------------------
test_process_data_benchmark[1-1000000]       40.5530 (1.0)       41.2353 (1.00)      40.9253 (1.0)      0.3014 (11.92)     41.1500 (1.00)     0.5911 (17.15)        11;0  24.4348 (1.0)          24           1
test_process_data_benchmark[0-1000000]       40.6949 (1.00)      42.5167 (1.03)      41.2077 (1.01)     0.4686 (18.52)     41.4261 (1.01)     0.7683 (22.29)         6;0  24.2673 (0.99)         24           1
test_process_data_benchmark[2-1000000]       40.9875 (1.01)      41.0790 (1.0)       41.0233 (1.00)     0.0253 (1.0)       41.0178 (1.0)      0.0360 (1.04)          8;0  24.3764 (1.00)         24           1
test_process_data_benchmark[4-1000000]       41.0079 (1.01)      41.1564 (1.00)      41.0628 (1.00)     0.0312 (1.23)      41.0650 (1.00)     0.0345 (1.0)           7;1  24.3529 (1.00)         24           1
test_process_data_benchmark[5-1000000]       41.0119 (1.01)      41.1592 (1.00)      41.0762 (1.00)     0.0399 (1.58)      41.0675 (1.00)     0.0610 (1.77)          7;0  24.3450 (1.00)         24           1
test_process_data_benchmark[3-1000000]       41.0571 (1.01)      41.2169 (1.00)      41.1366 (1.01)     0.0434 (1.72)      41.1354 (1.00)     0.0623 (1.81)          7;0  24.3092 (0.99)         24           1
test_process_data_benchmark[1-10000000]     424.6201 (10.47)    425.3465 (10.35)    425.0025 (10.38)    0.3222 (12.74)    425.1549 (10.37)    0.5503 (15.97)         2;0   2.3529 (0.10)          5           1
test_process_data_benchmark[4-10000000]     429.3422 (10.59)    431.2112 (10.50)    429.9514 (10.51)    0.7746 (30.62)    429.6939 (10.48)    1.0464 (30.36)         1;0   2.3258 (0.10)          5           1
test_process_data_benchmark[2-10000000]     429.4403 (10.59)    430.3607 (10.48)    429.7155 (10.50)    0.3839 (15.18)    429.5620 (10.47)    0.4686 (13.60)         1;0   2.3271 (0.10)          5           1
test_process_data_benchmark[5-10000000]     429.5574 (10.59)    430.0362 (10.47)    429.8816 (10.50)    0.2064 (8.16)     429.9858 (10.48)    0.2985 (8.66)          1;0   2.3262 (0.10)          5           1
test_process_data_benchmark[3-10000000]     429.5800 (10.59)    430.3439 (10.48)    430.0216 (10.51)    0.3803 (15.03)    430.2264 (10.49)    0.7040 (20.42)         2;0   2.3255 (0.10)          5           1
test_process_data_benchmark[0-10000000]     429.8103 (10.60)    430.6036 (10.48)    430.0453 (10.51)    0.3228 (12.76)    429.9476 (10.48)    0.3280 (9.52)          1;0   2.3253 (0.10)          5           1
---------------------------------------------------------------------------------------------------------------------------------------------------------------------------------------------------------------

Legend:
  Outliers: 1 Standard Deviation from Mean; 1.5 IQR (InterQuartile Range) from 1st Quartile and 3rd Quartile.
  OPS: Operations Per Second, computed as 1 / Mean
12 passed in 26.57s

 Performance counter stats for 'system wide':

            624,37 Joules power/energy-pkg/                                           

      26,711536322 seconds time elapsed

