............                                                             [100%]

--------------------------------------------------------------------------------------------- benchmark: 12 tests ----------------------------------------------------------------------------------------------
Name (time in ms)                                Min                 Max                Mean            StdDev              Median                IQR            Outliers      OPS            Rounds  Iterations
----------------------------------------------------------------------------------------------------------------------------------------------------------------------------------------------------------------
test_process_data_benchmark[1-1000000]       40.6858 (1.0)       41.6145 (1.0)       40.8710 (1.0)      0.2810 (1.70)      40.7237 (1.0)       0.2885 (1.18)          6;1  24.4672 (1.0)          24           1
test_process_data_benchmark[0-1000000]       40.9171 (1.01)      42.6801 (1.03)      41.4646 (1.01)     0.3973 (2.40)      41.5935 (1.02)      0.6004 (2.46)          7;1  24.1169 (0.99)         24           1
test_process_data_benchmark[4-1000000]       41.1506 (1.01)      42.2209 (1.01)      41.7029 (1.02)     0.4828 (2.92)      41.7216 (1.02)      0.9414 (3.86)          7;0  23.9791 (0.98)         24           1
test_process_data_benchmark[3-1000000]       41.1715 (1.01)      42.9152 (1.03)      41.7057 (1.02)     0.5326 (3.22)      41.6878 (1.02)      0.9418 (3.86)          3;0  23.9775 (0.98)         24           1
test_process_data_benchmark[5-1000000]       41.1948 (1.01)      42.1818 (1.01)      41.6934 (1.02)     0.4801 (2.91)      41.7071 (1.02)      0.9417 (3.86)          9;0  23.9846 (0.98)         24           1
test_process_data_benchmark[2-1000000]       41.2634 (1.01)      42.2451 (1.02)      41.7474 (1.02)     0.4608 (2.79)      41.7541 (1.03)      0.8973 (3.68)          8;0  23.9536 (0.98)         24           1
test_process_data_benchmark[1-10000000]     420.8690 (10.34)    430.4695 (10.34)    424.7367 (10.39)    5.2323 (31.67)    420.9839 (10.34)     9.5798 (39.27)         2;0   2.3544 (0.10)          5           1
test_process_data_benchmark[3-10000000]     424.1330 (10.42)    435.6835 (10.47)    428.8117 (10.49)    6.2482 (37.82)    424.3899 (10.42)    11.4397 (46.90)         2;0   2.3320 (0.10)          5           1
test_process_data_benchmark[5-10000000]     424.1787 (10.43)    435.6735 (10.47)    428.8375 (10.49)    6.2353 (37.74)    424.4042 (10.42)    11.4171 (46.81)         2;0   2.3319 (0.10)          5           1
test_process_data_benchmark[2-10000000]     424.2633 (10.43)    438.2134 (10.53)    432.5773 (10.58)    7.5379 (45.62)    437.9374 (10.75)    13.7745 (56.47)         2;0   2.3117 (0.09)          5           1
test_process_data_benchmark[0-10000000]     424.2878 (10.43)    424.7084 (10.21)    424.4661 (10.39)    0.1652 (1.0)      424.4565 (10.42)     0.2439 (1.0)           2;0   2.3559 (0.10)          5           1
test_process_data_benchmark[4-10000000]     424.8202 (10.44)    436.5185 (10.49)    431.5665 (10.56)    6.0809 (36.80)    435.5819 (10.70)    11.0914 (45.47)         2;0   2.3171 (0.09)          5           1
----------------------------------------------------------------------------------------------------------------------------------------------------------------------------------------------------------------

Legend:
  Outliers: 1 Standard Deviation from Mean; 1.5 IQR (InterQuartile Range) from 1st Quartile and 3rd Quartile.
  OPS: Operations Per Second, computed as 1 / Mean
12 passed in 26.58s

 Performance counter stats for 'system wide':

            617,17 Joules power/energy-pkg/                                           

      26,729750860 seconds time elapsed

