............                                                             [100%]

--------------------------------------------------------------------------------------------- benchmark: 12 tests ---------------------------------------------------------------------------------------------
Name (time in ms)                                Min                 Max                Mean            StdDev              Median               IQR            Outliers      OPS            Rounds  Iterations
---------------------------------------------------------------------------------------------------------------------------------------------------------------------------------------------------------------
test_process_data_benchmark[1-1000000]       40.8040 (1.0)       40.8969 (1.0)       40.8358 (1.0)      0.0237 (1.13)      40.8324 (1.0)      0.0194 (1.0)           8;3  24.4883 (1.0)          24           1
test_process_data_benchmark[0-1000000]       40.9546 (1.00)      42.0564 (1.03)      41.0509 (1.01)     0.2161 (10.25)     41.0112 (1.00)     0.0639 (3.30)          1;1  24.3600 (0.99)         24           1
test_process_data_benchmark[3-1000000]       41.2387 (1.01)      41.3623 (1.01)      41.2984 (1.01)     0.0329 (1.56)      41.2991 (1.01)     0.0413 (2.13)          8;0  24.2140 (0.99)         24           1
test_process_data_benchmark[2-1000000]       41.2444 (1.01)      41.4545 (1.01)      41.3261 (1.01)     0.0458 (2.17)      41.3235 (1.01)     0.0525 (2.71)          6;1  24.1978 (0.99)         24           1
test_process_data_benchmark[5-1000000]       41.2595 (1.01)      41.3705 (1.01)      41.3166 (1.01)     0.0328 (1.56)      41.3214 (1.01)     0.0472 (2.44)          9;0  24.2034 (0.99)         24           1
test_process_data_benchmark[4-1000000]       41.2636 (1.01)      41.3375 (1.01)      41.2978 (1.01)     0.0211 (1.0)       41.2945 (1.01)     0.0343 (1.77)          9;0  24.2144 (0.99)         24           1
test_process_data_benchmark[1-10000000]     425.0717 (10.42)    425.4872 (10.40)    425.2911 (10.41)    0.1808 (8.57)     425.3345 (10.42)    0.3213 (16.60)         2;0   2.3513 (0.10)          5           1
test_process_data_benchmark[5-10000000]     429.7275 (10.53)    430.0671 (10.52)    429.8997 (10.53)    0.1217 (5.78)     429.9063 (10.53)    0.1268 (6.55)          2;0   2.3261 (0.09)          5           1
test_process_data_benchmark[3-10000000]     429.8576 (10.53)    430.3823 (10.52)    430.0752 (10.53)    0.2011 (9.54)     430.0178 (10.53)    0.2668 (13.78)         2;0   2.3252 (0.09)          5           1
test_process_data_benchmark[2-10000000]     429.9620 (10.54)    430.4316 (10.52)    430.2389 (10.54)    0.1957 (9.28)     430.3352 (10.54)    0.3014 (15.57)         1;0   2.3243 (0.09)          5           1
test_process_data_benchmark[4-10000000]     430.0125 (10.54)    431.0104 (10.54)    430.3499 (10.54)    0.3982 (18.89)    430.1617 (10.53)    0.4611 (23.81)         1;0   2.3237 (0.09)          5           1
test_process_data_benchmark[0-10000000]     430.0290 (10.54)    430.7552 (10.53)    430.4458 (10.54)    0.2841 (13.48)    430.5138 (10.54)    0.4141 (21.39)         2;0   2.3232 (0.09)          5           1
---------------------------------------------------------------------------------------------------------------------------------------------------------------------------------------------------------------

Legend:
  Outliers: 1 Standard Deviation from Mean; 1.5 IQR (InterQuartile Range) from 1st Quartile and 3rd Quartile.
  OPS: Operations Per Second, computed as 1 / Mean
12 passed in 26.60s

 Performance counter stats for 'system wide':

            635,27 Joules power/energy-pkg/                                           

      26,743347604 seconds time elapsed

