............                                                             [100%]

--------------------------------------------------------------------------------------------- benchmark: 12 tests ---------------------------------------------------------------------------------------------
Name (time in ms)                                Min                 Max                Mean            StdDev              Median               IQR            Outliers      OPS            Rounds  Iterations
---------------------------------------------------------------------------------------------------------------------------------------------------------------------------------------------------------------
test_process_data_benchmark[0-1000000]       41.1329 (1.0)       42.1639 (1.02)      41.2098 (1.0)      0.2043 (6.78)      41.1616 (1.0)      0.0327 (1.0)           1;1  24.2661 (1.0)          24           1
test_process_data_benchmark[2-1000000]       41.2728 (1.00)      41.4067 (1.0)       41.3246 (1.00)     0.0364 (1.21)      41.3178 (1.00)     0.0551 (1.68)          7;0  24.1986 (1.00)         24           1
test_process_data_benchmark[4-1000000]       41.2952 (1.00)      41.4134 (1.00)      41.3532 (1.00)     0.0301 (1.0)       41.3505 (1.00)     0.0361 (1.10)          7;0  24.1819 (1.00)         24           1
test_process_data_benchmark[5-1000000]       41.3062 (1.00)      42.1725 (1.02)      41.4094 (1.00)     0.1658 (5.50)      41.3704 (1.01)     0.0465 (1.42)          1;1  24.1491 (1.00)         24           1
test_process_data_benchmark[3-1000000]       41.3147 (1.00)      41.4443 (1.00)      41.3969 (1.00)     0.0348 (1.15)      41.3952 (1.01)     0.0560 (1.71)          8;0  24.1564 (1.00)         24           1
test_process_data_benchmark[1-1000000]       41.3636 (1.01)      41.5686 (1.00)      41.4593 (1.01)     0.0632 (2.10)      41.4671 (1.01)     0.1119 (3.42)         10;0  24.1201 (0.99)         24           1
test_process_data_benchmark[5-10000000]     431.3167 (10.49)    431.7163 (10.43)    431.5218 (10.47)    0.1900 (6.30)     431.5719 (10.48)    0.3623 (11.08)         3;0   2.3174 (0.10)          5           1
test_process_data_benchmark[4-10000000]     431.3911 (10.49)    438.7513 (10.60)    433.2571 (10.51)    3.1656 (105.05)   431.4780 (10.48)    3.1565 (96.53)         1;0   2.3081 (0.10)          5           1
test_process_data_benchmark[3-10000000]     431.4355 (10.49)    431.8163 (10.43)    431.6130 (10.47)    0.1413 (4.69)     431.5813 (10.49)    0.1771 (5.42)          2;0   2.3169 (0.10)          5           1
test_process_data_benchmark[2-10000000]     431.6351 (10.49)    432.0319 (10.43)    431.7792 (10.48)    0.1508 (5.00)     431.7595 (10.49)    0.1458 (4.46)          1;0   2.3160 (0.10)          5           1
test_process_data_benchmark[1-10000000]     431.6894 (10.50)    431.8935 (10.43)    431.7780 (10.48)    0.0873 (2.90)     431.7822 (10.49)    0.1505 (4.60)          2;0   2.3160 (0.10)          5           1
test_process_data_benchmark[0-10000000]     432.0141 (10.50)    432.5902 (10.45)    432.2841 (10.49)    0.2554 (8.48)     432.2968 (10.50)    0.4675 (14.30)         2;0   2.3133 (0.10)          5           1
---------------------------------------------------------------------------------------------------------------------------------------------------------------------------------------------------------------

Legend:
  Outliers: 1 Standard Deviation from Mean; 1.5 IQR (InterQuartile Range) from 1st Quartile and 3rd Quartile.
  OPS: Operations Per Second, computed as 1 / Mean
12 passed in 26.74s

 Performance counter stats for 'system wide':

            628,97 Joules power/energy-pkg/                                           

      26,885639186 seconds time elapsed

