............                                                             [100%]

--------------------------------------------------------------------------------------------- benchmark: 12 tests ---------------------------------------------------------------------------------------------
Name (time in ms)                                Min                 Max                Mean            StdDev              Median               IQR            Outliers      OPS            Rounds  Iterations
---------------------------------------------------------------------------------------------------------------------------------------------------------------------------------------------------------------
test_process_data_benchmark[1-1000000]       40.6948 (1.0)       41.5739 (1.01)      41.1286 (1.00)     0.3247 (15.65)     41.3327 (1.01)     0.6237 (18.98)        10;0  24.3140 (1.00)         24           1
test_process_data_benchmark[2-1000000]       40.8641 (1.00)      41.1115 (1.00)      40.9737 (1.00)     0.0764 (3.68)      40.9745 (1.00)     0.1269 (3.86)          8;0  24.4059 (1.00)         24           1
test_process_data_benchmark[5-1000000]       40.9008 (1.01)      41.7103 (1.02)      40.9960 (1.00)     0.1560 (7.52)      40.9621 (1.00)     0.0462 (1.41)          1;1  24.3926 (1.00)         24           1
test_process_data_benchmark[4-1000000]       40.9128 (1.01)      40.9956 (1.0)       40.9522 (1.0)      0.0207 (1.0)       40.9498 (1.0)      0.0340 (1.03)          7;0  24.4187 (1.0)          24           1
test_process_data_benchmark[3-1000000]       40.9682 (1.01)      41.7282 (1.02)      41.0609 (1.00)     0.1446 (6.97)      41.0380 (1.00)     0.0329 (1.0)           1;2  24.3541 (1.00)         24           1
test_process_data_benchmark[0-1000000]       42.0532 (1.03)      43.2296 (1.05)      42.1690 (1.03)     0.2313 (11.15)     42.1180 (1.03)     0.0972 (2.96)          1;1  23.7141 (0.97)         24           1
test_process_data_benchmark[2-10000000]     428.2284 (10.52)    429.9792 (10.49)    428.6628 (10.47)    0.7386 (35.60)    428.3765 (10.46)    0.4729 (14.39)         1;1   2.3328 (0.10)          5           1
test_process_data_benchmark[1-10000000]     428.5173 (10.53)    429.0382 (10.47)    428.7418 (10.47)    0.1912 (9.22)     428.7346 (10.47)    0.2113 (6.43)          2;0   2.3324 (0.10)          5           1
test_process_data_benchmark[5-10000000]     428.6246 (10.53)    428.9441 (10.46)    428.7954 (10.47)    0.1151 (5.55)     428.8116 (10.47)    0.1199 (3.65)          2;0   2.3321 (0.10)          5           1
test_process_data_benchmark[0-10000000]     428.6278 (10.53)    435.6057 (10.63)    431.4538 (10.54)    3.6673 (176.79)   429.0659 (10.48)    6.7538 (205.47)        2;0   2.3177 (0.09)          5           1
test_process_data_benchmark[4-10000000]     428.6345 (10.53)    429.0853 (10.47)    428.8470 (10.47)    0.1743 (8.40)     428.8269 (10.47)    0.2595 (7.89)          2;0   2.3318 (0.10)          5           1
test_process_data_benchmark[3-10000000]     429.2855 (10.55)    430.0674 (10.49)    429.7466 (10.49)    0.3317 (15.99)    429.9221 (10.50)    0.5191 (15.79)         1;0   2.3270 (0.10)          5           1
---------------------------------------------------------------------------------------------------------------------------------------------------------------------------------------------------------------

Legend:
  Outliers: 1 Standard Deviation from Mean; 1.5 IQR (InterQuartile Range) from 1st Quartile and 3rd Quartile.
  OPS: Operations Per Second, computed as 1 / Mean
12 passed in 26.63s

 Performance counter stats for 'system wide':

            624,85 Joules power/energy-pkg/                                           

      26,770551535 seconds time elapsed

