............                                                             [100%]

--------------------------------------------------------------------------------------------- benchmark: 12 tests ---------------------------------------------------------------------------------------------
Name (time in ms)                                Min                 Max                Mean            StdDev              Median               IQR            Outliers      OPS            Rounds  Iterations
---------------------------------------------------------------------------------------------------------------------------------------------------------------------------------------------------------------
test_process_data_benchmark[1-1000000]       40.5216 (1.0)       40.6539 (1.0)       40.5859 (1.0)      0.0322 (1.27)      40.5750 (1.0)      0.0453 (1.64)          6;0  24.6391 (1.0)          24           1
test_process_data_benchmark[4-1000000]       40.8947 (1.01)      40.9934 (1.01)      40.9479 (1.01)     0.0253 (1.0)       40.9543 (1.01)     0.0411 (1.48)          8;0  24.4213 (0.99)         24           1
test_process_data_benchmark[5-1000000]       40.9189 (1.01)      41.0038 (1.01)      40.9646 (1.01)     0.0265 (1.05)      40.9680 (1.01)     0.0475 (1.71)         10;0  24.4113 (0.99)         24           1
test_process_data_benchmark[3-1000000]       40.9685 (1.01)      41.1170 (1.01)      41.0272 (1.01)     0.0340 (1.34)      41.0245 (1.01)     0.0435 (1.57)          9;1  24.3741 (0.99)         24           1
test_process_data_benchmark[2-1000000]       41.1232 (1.01)      41.2255 (1.01)      41.1628 (1.01)     0.0282 (1.12)      41.1620 (1.01)     0.0410 (1.48)          9;0  24.2938 (0.99)         24           1
test_process_data_benchmark[0-1000000]       41.4782 (1.02)      42.4463 (1.04)      41.5397 (1.02)     0.1938 (7.66)      41.4976 (1.02)     0.0277 (1.0)           1;1  24.0733 (0.98)         24           1
test_process_data_benchmark[1-10000000]     424.5964 (10.48)    425.3319 (10.46)    424.9966 (10.47)    0.3257 (12.88)    425.0462 (10.48)    0.5936 (21.44)         2;0   2.3530 (0.10)          5           1
test_process_data_benchmark[2-10000000]     427.6090 (10.55)    429.5030 (10.56)    428.7200 (10.56)    0.8794 (34.77)    429.2339 (10.58)    1.5151 (54.73)         1;0   2.3325 (0.09)          5           1
test_process_data_benchmark[5-10000000]     427.6783 (10.55)    428.1649 (10.53)    427.7962 (10.54)    0.2068 (8.18)     427.7108 (10.54)    0.1383 (5.00)          1;1   2.3376 (0.09)          5           1
test_process_data_benchmark[4-10000000]     427.7387 (10.56)    428.0568 (10.53)    427.9851 (10.55)    0.1383 (5.47)     428.0487 (10.55)    0.1009 (3.64)          1;1   2.3365 (0.09)          5           1
test_process_data_benchmark[3-10000000]     427.7781 (10.56)    428.5503 (10.54)    428.0709 (10.55)    0.3128 (12.36)    428.0940 (10.55)    0.4376 (15.81)         1;0   2.3361 (0.09)          5           1
test_process_data_benchmark[0-10000000]     427.7822 (10.56)    428.4273 (10.54)    428.1003 (10.55)    0.2291 (9.06)     428.0822 (10.55)    0.2015 (7.28)          2;0   2.3359 (0.09)          5           1
---------------------------------------------------------------------------------------------------------------------------------------------------------------------------------------------------------------

Legend:
  Outliers: 1 Standard Deviation from Mean; 1.5 IQR (InterQuartile Range) from 1st Quartile and 3rd Quartile.
  OPS: Operations Per Second, computed as 1 / Mean
12 passed in 26.51s

 Performance counter stats for 'system wide':

            629,97 Joules power/energy-pkg/                                           

      26,650042999 seconds time elapsed

