............                                                             [100%]

--------------------------------------------------------------------------------------------- benchmark: 12 tests ---------------------------------------------------------------------------------------------
Name (time in ms)                                Min                 Max                Mean            StdDev              Median               IQR            Outliers      OPS            Rounds  Iterations
---------------------------------------------------------------------------------------------------------------------------------------------------------------------------------------------------------------
test_process_data_benchmark[1-1000000]       40.7660 (1.0)       41.2324 (1.0)       40.9968 (1.0)      0.1980 (4.91)      41.0060 (1.0)      0.3737 (11.11)         9;0  24.3921 (1.0)          24           1
test_process_data_benchmark[0-1000000]       41.0533 (1.01)      42.0833 (1.02)      41.1786 (1.00)     0.2461 (6.10)      41.1075 (1.00)     0.0348 (1.04)          2;2  24.2845 (1.00)         24           1
test_process_data_benchmark[2-1000000]       41.2424 (1.01)      41.9926 (1.02)      41.3206 (1.01)     0.1459 (3.61)      41.2875 (1.01)     0.0336 (1.0)           1;2  24.2010 (0.99)         24           1
test_process_data_benchmark[4-1000000]       41.2636 (1.01)      42.0859 (1.02)      41.3557 (1.01)     0.1598 (3.96)      41.3313 (1.01)     0.0607 (1.80)          1;1  24.1805 (0.99)         24           1
test_process_data_benchmark[5-1000000]       41.2666 (1.01)      41.4116 (1.00)      41.3214 (1.01)     0.0404 (1.0)       41.3193 (1.01)     0.0568 (1.69)          9;0  24.2006 (0.99)         24           1
test_process_data_benchmark[3-1000000]       41.3238 (1.01)      42.0135 (1.02)      41.4481 (1.01)     0.2087 (5.17)      41.3711 (1.01)     0.0661 (1.96)          3;3  24.1266 (0.99)         24           1
test_process_data_benchmark[1-10000000]     426.2063 (10.45)    426.9231 (10.35)    426.4706 (10.40)    0.2992 (7.41)     426.4199 (10.40)    0.4626 (13.75)         1;0   2.3448 (0.10)          5           1
test_process_data_benchmark[0-10000000]     430.6846 (10.56)    431.3229 (10.46)    431.0109 (10.51)    0.2456 (6.08)     430.9654 (10.51)    0.3538 (10.52)         2;0   2.3201 (0.10)          5           1
test_process_data_benchmark[5-10000000]     430.6948 (10.57)    431.0634 (10.45)    430.8738 (10.51)    0.1382 (3.42)     430.8882 (10.51)    0.1867 (5.55)          2;0   2.3209 (0.10)          5           1
test_process_data_benchmark[4-10000000]     430.7188 (10.57)    431.1459 (10.46)    430.9450 (10.51)    0.1599 (3.96)     430.9709 (10.51)    0.2130 (6.33)          2;0   2.3205 (0.10)          5           1
test_process_data_benchmark[3-10000000]     430.7449 (10.57)    432.0035 (10.48)    431.3679 (10.52)    0.5708 (14.14)    431.5578 (10.52)    1.0296 (30.61)         3;0   2.3182 (0.10)          5           1
test_process_data_benchmark[2-10000000]     431.3494 (10.58)    431.9536 (10.48)    431.6509 (10.53)    0.2349 (5.82)     431.6667 (10.53)    0.3573 (10.62)         2;0   2.3167 (0.09)          5           1
---------------------------------------------------------------------------------------------------------------------------------------------------------------------------------------------------------------

Legend:
  Outliers: 1 Standard Deviation from Mean; 1.5 IQR (InterQuartile Range) from 1st Quartile and 3rd Quartile.
  OPS: Operations Per Second, computed as 1 / Mean
12 passed in 26.66s

 Performance counter stats for 'system wide':

            633,17 Joules power/energy-pkg/                                           

      26,806050951 seconds time elapsed

