............                                                             [100%]

--------------------------------------------------------------------------------------------- benchmark: 12 tests ---------------------------------------------------------------------------------------------
Name (time in ms)                                Min                 Max                Mean            StdDev              Median               IQR            Outliers      OPS            Rounds  Iterations
---------------------------------------------------------------------------------------------------------------------------------------------------------------------------------------------------------------
test_process_data_benchmark[1-1000000]       40.9833 (1.0)       41.1119 (1.0)       41.0418 (1.0)      0.0333 (1.0)       41.0309 (1.0)      0.0528 (1.0)           5;0  24.3654 (1.0)          24           1
test_process_data_benchmark[5-1000000]       41.2939 (1.01)      41.7777 (1.02)      41.5416 (1.01)     0.1940 (5.82)      41.5503 (1.01)     0.3650 (6.91)         10;0  24.0723 (0.99)         24           1
test_process_data_benchmark[4-1000000]       41.2999 (1.01)      41.7634 (1.02)      41.5328 (1.01)     0.1928 (5.78)      41.5474 (1.01)     0.3682 (6.97)          8;0  24.0773 (0.99)         24           1
test_process_data_benchmark[2-1000000]       41.3169 (1.01)      41.7552 (1.02)      41.5323 (1.01)     0.1863 (5.59)      41.5392 (1.01)     0.3557 (6.74)          8;0  24.0776 (0.99)         24           1
test_process_data_benchmark[3-1000000]       41.4959 (1.01)      42.2672 (1.03)      41.8894 (1.02)     0.3615 (10.85)     41.9142 (1.02)     0.7173 (13.59)         9;0  23.8724 (0.98)         24           1
test_process_data_benchmark[0-1000000]       41.7760 (1.02)      43.2199 (1.05)      42.0083 (1.02)     0.3016 (9.05)      41.9611 (1.02)     0.3116 (5.90)          1;1  23.8048 (0.98)         24           1
test_process_data_benchmark[1-10000000]     429.2998 (10.47)    433.0936 (10.53)    431.5719 (10.52)    1.8723 (56.19)    432.8014 (10.55)    3.3007 (62.52)         1;0   2.3171 (0.10)          5           1
test_process_data_benchmark[0-10000000]     432.8230 (10.56)    436.3583 (10.61)    434.8814 (10.60)    1.8129 (54.40)    435.9994 (10.63)    3.3334 (63.14)         2;0   2.2995 (0.09)          5           1
test_process_data_benchmark[5-10000000]     432.9353 (10.56)    436.9869 (10.63)    435.2045 (10.60)    2.0533 (61.62)    436.5491 (10.64)    3.6882 (69.86)         2;0   2.2978 (0.09)          5           1
test_process_data_benchmark[2-10000000]     433.0006 (10.57)    436.3859 (10.61)    434.3749 (10.58)    1.7661 (53.00)    433.1484 (10.56)    3.1861 (60.35)         2;0   2.3022 (0.09)          5           1
test_process_data_benchmark[3-10000000]     434.0463 (10.59)    441.3858 (10.74)    438.5109 (10.68)    3.6853 (110.59)   441.0849 (10.75)    6.4605 (122.38)        1;0   2.2804 (0.09)          5           1
test_process_data_benchmark[4-10000000]     434.2602 (10.60)    441.2980 (10.73)    437.1156 (10.65)    3.8057 (114.20)   434.4058 (10.59)    6.9541 (131.73)        2;0   2.2877 (0.09)          5           1
---------------------------------------------------------------------------------------------------------------------------------------------------------------------------------------------------------------

Legend:
  Outliers: 1 Standard Deviation from Mean; 1.5 IQR (InterQuartile Range) from 1st Quartile and 3rd Quartile.
  OPS: Operations Per Second, computed as 1 / Mean
12 passed in 26.88s

 Performance counter stats for 'system wide':

            626,32 Joules power/energy-pkg/                                           

      27,018574953 seconds time elapsed

