............                                                             [100%]

--------------------------------------------------------------------------------------------- benchmark: 12 tests ---------------------------------------------------------------------------------------------
Name (time in ms)                                Min                 Max                Mean            StdDev              Median               IQR            Outliers      OPS            Rounds  Iterations
---------------------------------------------------------------------------------------------------------------------------------------------------------------------------------------------------------------
test_process_data_benchmark[1-1000000]       40.7026 (1.0)       41.2320 (1.00)      40.9447 (1.0)      0.2075 (8.73)      40.8915 (1.0)      0.4083 (20.22)        12;0  24.4232 (1.0)          24           1
test_process_data_benchmark[2-1000000]       41.1040 (1.01)      41.2264 (1.00)      41.1770 (1.01)     0.0302 (1.27)      41.1804 (1.01)     0.0341 (1.69)          6;1  24.2854 (0.99)         24           1
test_process_data_benchmark[4-1000000]       41.1162 (1.01)      41.2164 (1.0)       41.1670 (1.01)     0.0309 (1.30)      41.1717 (1.01)     0.0577 (2.86)         10;0  24.2913 (0.99)         24           1
test_process_data_benchmark[3-1000000]       41.1223 (1.01)      41.2459 (1.00)      41.1889 (1.01)     0.0347 (1.46)      41.1861 (1.01)     0.0537 (2.66)          7;0  24.2784 (0.99)         24           1
test_process_data_benchmark[5-1000000]       41.1261 (1.01)      41.2341 (1.00)      41.1785 (1.01)     0.0238 (1.0)       41.1794 (1.01)     0.0202 (1.0)           7;2  24.2845 (0.99)         24           1
test_process_data_benchmark[0-1000000]       41.3738 (1.02)      42.4613 (1.03)      41.4599 (1.01)     0.2150 (9.04)      41.4185 (1.01)     0.0519 (2.57)          1;1  24.1197 (0.99)         24           1
test_process_data_benchmark[1-10000000]     426.2891 (10.47)    427.2993 (10.37)    426.7507 (10.42)    0.3982 (16.75)    426.8546 (10.44)    0.5729 (28.37)         2;0   2.3433 (0.10)          5           1
test_process_data_benchmark[3-10000000]     430.1593 (10.57)    430.5310 (10.45)    430.2856 (10.51)    0.1433 (6.03)     430.2490 (10.52)    0.1301 (6.44)          1;1   2.3240 (0.10)          5           1
test_process_data_benchmark[2-10000000]     430.1903 (10.57)    430.4083 (10.44)    430.2887 (10.51)    0.0801 (3.37)     430.2788 (10.52)    0.0962 (4.77)          2;0   2.3240 (0.10)          5           1
test_process_data_benchmark[4-10000000]     430.1919 (10.57)    430.4450 (10.44)    430.3019 (10.51)    0.0941 (3.96)     430.3080 (10.52)    0.1109 (5.49)          2;0   2.3239 (0.10)          5           1
test_process_data_benchmark[5-10000000]     430.2004 (10.57)    430.7942 (10.45)    430.3842 (10.51)    0.2370 (9.97)     430.2783 (10.52)    0.2179 (10.79)         1;0   2.3235 (0.10)          5           1
test_process_data_benchmark[0-10000000]     430.5415 (10.58)    431.4506 (10.47)    430.8915 (10.52)    0.4073 (17.13)    430.6965 (10.53)    0.6900 (34.16)         1;0   2.3208 (0.10)          5           1
---------------------------------------------------------------------------------------------------------------------------------------------------------------------------------------------------------------

Legend:
  Outliers: 1 Standard Deviation from Mean; 1.5 IQR (InterQuartile Range) from 1st Quartile and 3rd Quartile.
  OPS: Operations Per Second, computed as 1 / Mean
12 passed in 26.61s

 Performance counter stats for 'system wide':

            629,24 Joules power/energy-pkg/                                           

      26,753736032 seconds time elapsed

