............                                                             [100%]

--------------------------------------------------------------------------------------------- benchmark: 12 tests ---------------------------------------------------------------------------------------------
Name (time in ms)                                Min                 Max                Mean            StdDev              Median               IQR            Outliers      OPS            Rounds  Iterations
---------------------------------------------------------------------------------------------------------------------------------------------------------------------------------------------------------------
test_process_data_benchmark[1-1000000]       40.6784 (1.0)       41.4700 (1.01)      40.7665 (1.0)      0.1535 (4.75)      40.7386 (1.0)      0.0560 (2.41)          1;1  24.5300 (1.0)          24           1
test_process_data_benchmark[3-1000000]       41.0817 (1.01)      41.8928 (1.02)      41.1855 (1.01)     0.1647 (5.10)      41.1520 (1.01)     0.0691 (2.97)          1;1  24.2804 (0.99)         22           1
test_process_data_benchmark[5-1000000]       41.0912 (1.01)      41.8641 (1.02)      41.1665 (1.01)     0.1511 (4.68)      41.1425 (1.01)     0.0465 (2.00)          1;1  24.2916 (0.99)         24           1
test_process_data_benchmark[4-1000000]       41.0921 (1.01)      41.2080 (1.0)       41.1449 (1.01)     0.0323 (1.0)       41.1391 (1.01)     0.0551 (2.37)          9;0  24.3043 (0.99)         24           1
test_process_data_benchmark[2-1000000]       41.1134 (1.01)      41.2375 (1.00)      41.1677 (1.01)     0.0371 (1.15)      41.1563 (1.01)     0.0544 (2.34)         10;0  24.2909 (0.99)         24           1
test_process_data_benchmark[0-1000000]       41.7014 (1.03)      43.2108 (1.05)      41.7917 (1.03)     0.3100 (9.60)      41.7234 (1.02)     0.0232 (1.0)           1;2  23.9282 (0.98)         23           1
test_process_data_benchmark[1-10000000]     423.6829 (10.42)    423.9927 (10.29)    423.8547 (10.40)    0.1242 (3.84)     423.8722 (10.40)    0.1970 (8.48)          2;0   2.3593 (0.10)          5           1
test_process_data_benchmark[2-10000000]     427.9947 (10.52)    428.3630 (10.40)    428.1139 (10.50)    0.1483 (4.59)     428.0436 (10.51)    0.1670 (7.18)          1;0   2.3358 (0.10)          5           1
test_process_data_benchmark[4-10000000]     428.2693 (10.53)    428.7904 (10.41)    428.5541 (10.51)    0.1950 (6.04)     428.5772 (10.52)    0.2567 (11.04)         2;0   2.3334 (0.10)          5           1
test_process_data_benchmark[0-10000000]     428.2903 (10.53)    430.0223 (10.44)    429.2468 (10.53)    0.7680 (23.78)    429.6425 (10.55)    1.2967 (55.79)         2;0   2.3297 (0.09)          5           1
test_process_data_benchmark[5-10000000]     428.3118 (10.53)    435.4306 (10.57)    432.3978 (10.61)    3.7166 (115.06)   434.4490 (10.66)    7.0460 (303.13)        2;0   2.3127 (0.09)          5           1
test_process_data_benchmark[3-10000000]     428.3638 (10.53)    428.6476 (10.40)    428.5027 (10.51)    0.1144 (3.54)     428.4748 (10.52)    0.1825 (7.85)          2;0   2.3337 (0.10)          5           1
---------------------------------------------------------------------------------------------------------------------------------------------------------------------------------------------------------------

Legend:
  Outliers: 1 Standard Deviation from Mean; 1.5 IQR (InterQuartile Range) from 1st Quartile and 3rd Quartile.
  OPS: Operations Per Second, computed as 1 / Mean
12 passed in 26.46s

 Performance counter stats for 'system wide':

            622,33 Joules power/energy-pkg/                                           

      26,599372853 seconds time elapsed

