............                                                             [100%]

--------------------------------------------------------------------------------------------- benchmark: 12 tests ---------------------------------------------------------------------------------------------
Name (time in ms)                                Min                 Max                Mean            StdDev              Median               IQR            Outliers      OPS            Rounds  Iterations
---------------------------------------------------------------------------------------------------------------------------------------------------------------------------------------------------------------
test_process_data_benchmark[1-1000000]       40.9480 (1.0)       41.0333 (1.0)       40.9800 (1.0)      0.0248 (1.0)       40.9709 (1.0)      0.0427 (1.45)          6;0  24.4022 (1.0)          24           1
test_process_data_benchmark[2-1000000]       41.3955 (1.01)      42.2308 (1.03)      41.4698 (1.01)     0.1639 (6.61)      41.4401 (1.01)     0.0421 (1.43)          1;1  24.1140 (0.99)         24           1
test_process_data_benchmark[4-1000000]       41.4052 (1.01)      42.2037 (1.03)      41.4945 (1.01)     0.1561 (6.30)      41.4650 (1.01)     0.0694 (2.36)          1;1  24.0996 (0.99)         24           1
test_process_data_benchmark[5-1000000]       41.4394 (1.01)      41.6809 (1.02)      41.5264 (1.01)     0.0607 (2.45)      41.5299 (1.01)     0.0988 (3.36)          9;0  24.0811 (0.99)         24           1
test_process_data_benchmark[3-1000000]       41.6161 (1.02)      41.7133 (1.02)      41.6515 (1.02)     0.0269 (1.08)      41.6460 (1.02)     0.0361 (1.23)          9;0  24.0087 (0.98)         24           1
test_process_data_benchmark[0-1000000]       42.2523 (1.03)      43.2923 (1.06)      42.3454 (1.03)     0.2116 (8.54)      42.2938 (1.03)     0.0294 (1.0)           1;2  23.6153 (0.97)         23           1
test_process_data_benchmark[1-10000000]     426.5457 (10.42)    427.2008 (10.41)    426.8884 (10.42)    0.2982 (12.04)    426.8099 (10.42)    0.5443 (18.50)         3;0   2.3425 (0.10)          5           1
test_process_data_benchmark[3-10000000]     431.3817 (10.53)    431.8285 (10.52)    431.5281 (10.53)    0.1798 (7.25)     431.4872 (10.53)    0.2151 (7.31)          1;0   2.3173 (0.09)          5           1
test_process_data_benchmark[5-10000000]     431.5651 (10.54)    431.9435 (10.53)    431.6818 (10.53)    0.1551 (6.26)     431.6486 (10.54)    0.1819 (6.18)          1;0   2.3165 (0.09)          5           1
test_process_data_benchmark[0-10000000]     431.8079 (10.55)    432.6466 (10.54)    432.2816 (10.55)    0.3618 (14.60)    432.4341 (10.55)    0.6088 (20.69)         2;0   2.3133 (0.09)          5           1
test_process_data_benchmark[4-10000000]     432.4052 (10.56)    432.9617 (10.55)    432.6584 (10.56)    0.2073 (8.37)     432.6453 (10.56)    0.2688 (9.14)          2;0   2.3113 (0.09)          5           1
test_process_data_benchmark[2-10000000]     432.5903 (10.56)    433.4311 (10.56)    433.0900 (10.57)    0.3769 (15.21)    433.2447 (10.57)    0.6579 (22.36)         1;0   2.3090 (0.09)          5           1
---------------------------------------------------------------------------------------------------------------------------------------------------------------------------------------------------------------

Legend:
  Outliers: 1 Standard Deviation from Mean; 1.5 IQR (InterQuartile Range) from 1st Quartile and 3rd Quartile.
  OPS: Operations Per Second, computed as 1 / Mean
12 passed in 26.68s

 Performance counter stats for 'system wide':

            626,23 Joules power/energy-pkg/                                           

      26,825726024 seconds time elapsed

