............                                                             [100%]

--------------------------------------------------------------------------------------------- benchmark: 12 tests ---------------------------------------------------------------------------------------------
Name (time in ms)                                Min                 Max                Mean            StdDev              Median               IQR            Outliers      OPS            Rounds  Iterations
---------------------------------------------------------------------------------------------------------------------------------------------------------------------------------------------------------------
test_process_data_benchmark[1-1000000]       40.8187 (1.0)       40.8888 (1.0)       40.8530 (1.0)      0.0179 (1.0)       40.8552 (1.0)      0.0263 (1.0)           9;0  24.4780 (1.0)          24           1
test_process_data_benchmark[0-1000000]       41.0050 (1.00)      42.1740 (1.03)      41.0941 (1.01)     0.2316 (12.96)     41.0449 (1.00)     0.0340 (1.29)          1;2  24.3344 (0.99)         24           1
test_process_data_benchmark[2-1000000]       41.0872 (1.01)      41.9238 (1.03)      41.1896 (1.01)     0.1604 (8.98)      41.1606 (1.01)     0.0327 (1.25)          1;5  24.2780 (0.99)         24           1
test_process_data_benchmark[3-1000000]       41.0967 (1.01)      41.1768 (1.01)      41.1403 (1.01)     0.0235 (1.31)      41.1452 (1.01)     0.0354 (1.35)          9;0  24.3071 (0.99)         24           1
test_process_data_benchmark[4-1000000]       41.1352 (1.01)      41.9483 (1.03)      41.2165 (1.01)     0.1609 (9.00)      41.1716 (1.01)     0.0701 (2.67)          1;1  24.2622 (0.99)         24           1
test_process_data_benchmark[5-1000000]       41.1474 (1.01)      41.2548 (1.01)      41.1986 (1.01)     0.0299 (1.67)      41.1955 (1.01)     0.0434 (1.65)         10;0  24.2727 (0.99)         24           1
test_process_data_benchmark[1-10000000]     425.1166 (10.41)    425.3769 (10.40)    425.2295 (10.41)    0.1137 (6.36)     425.2302 (10.41)    0.2019 (7.68)          1;0   2.3517 (0.10)          5           1
test_process_data_benchmark[5-10000000]     430.0651 (10.54)    430.6485 (10.53)    430.4517 (10.54)    0.2248 (12.58)    430.4984 (10.54)    0.1874 (7.13)          1;1   2.3231 (0.09)          5           1
test_process_data_benchmark[2-10000000]     430.3207 (10.54)    430.6861 (10.53)    430.4829 (10.54)    0.1413 (7.91)     430.4587 (10.54)    0.2054 (7.82)          2;0   2.3230 (0.09)          5           1
test_process_data_benchmark[4-10000000]     430.4052 (10.54)    430.8530 (10.54)    430.5747 (10.54)    0.1675 (9.37)     430.5506 (10.54)    0.1580 (6.01)          2;0   2.3225 (0.09)          5           1
test_process_data_benchmark[0-10000000]     430.6592 (10.55)    431.9972 (10.57)    431.3176 (10.56)    0.5826 (32.59)    431.4803 (10.56)    1.0209 (38.84)         2;0   2.3185 (0.09)          5           1
test_process_data_benchmark[3-10000000]     430.6710 (10.55)    431.4398 (10.55)    431.1401 (10.55)    0.3151 (17.63)    431.2090 (10.55)    0.4874 (18.54)         1;0   2.3194 (0.09)          5           1
---------------------------------------------------------------------------------------------------------------------------------------------------------------------------------------------------------------

Legend:
  Outliers: 1 Standard Deviation from Mean; 1.5 IQR (InterQuartile Range) from 1st Quartile and 3rd Quartile.
  OPS: Operations Per Second, computed as 1 / Mean
12 passed in 26.61s

 Performance counter stats for 'system wide':

            630,36 Joules power/energy-pkg/                                           

      26,748645190 seconds time elapsed

