............                                                             [100%]

--------------------------------------------------------------------------------------------- benchmark: 12 tests ---------------------------------------------------------------------------------------------
Name (time in ms)                                Min                 Max                Mean            StdDev              Median               IQR            Outliers      OPS            Rounds  Iterations
---------------------------------------------------------------------------------------------------------------------------------------------------------------------------------------------------------------
test_process_data_benchmark[1-1000000]       41.4605 (1.0)       41.5547 (1.0)       41.5017 (1.0)      0.0298 (1.44)      41.4937 (1.0)      0.0523 (2.40)         11;0  24.0954 (1.0)          24           1
test_process_data_benchmark[5-1000000]       41.7692 (1.01)      41.8789 (1.01)      41.8015 (1.01)     0.0262 (1.26)      41.7919 (1.01)     0.0289 (1.33)          6;1  23.9226 (0.99)         23           1
test_process_data_benchmark[2-1000000]       41.7860 (1.01)      41.8837 (1.01)      41.8315 (1.01)     0.0232 (1.12)      41.8355 (1.01)     0.0281 (1.29)          6;0  23.9054 (0.99)         24           1
test_process_data_benchmark[4-1000000]       41.8121 (1.01)      41.9410 (1.01)      41.8628 (1.01)     0.0353 (1.70)      41.8578 (1.01)     0.0488 (2.24)          8;0  23.8876 (0.99)         24           1
test_process_data_benchmark[3-1000000]       41.8177 (1.01)      41.9016 (1.01)      41.8482 (1.01)     0.0242 (1.17)      41.8458 (1.01)     0.0322 (1.48)          6;0  23.8959 (0.99)         23           1
test_process_data_benchmark[0-1000000]       41.8464 (1.01)      42.9423 (1.03)      41.9361 (1.01)     0.2214 (10.68)     41.8908 (1.01)     0.0303 (1.39)          1;2  23.8458 (0.99)         23           1
test_process_data_benchmark[1-10000000]     431.1317 (10.40)    431.3798 (10.38)    431.2375 (10.39)    0.0963 (4.65)     431.2206 (10.39)    0.1385 (6.35)          2;0   2.3189 (0.10)          5           1
test_process_data_benchmark[5-10000000]     437.0111 (10.54)    437.2845 (10.52)    437.1309 (10.53)    0.1217 (5.87)     437.0765 (10.53)    0.2113 (9.69)          1;0   2.2876 (0.09)          5           1
test_process_data_benchmark[4-10000000]     437.1332 (10.54)    437.5867 (10.53)    437.3620 (10.54)    0.2123 (10.24)    437.3753 (10.54)    0.4081 (18.72)         2;0   2.2864 (0.09)          5           1
test_process_data_benchmark[0-10000000]     437.4358 (10.55)    438.1583 (10.54)    437.7134 (10.55)    0.2994 (14.44)    437.6831 (10.55)    0.4676 (21.45)         1;0   2.2846 (0.09)          5           1
test_process_data_benchmark[2-10000000]     437.4526 (10.55)    438.1977 (10.55)    437.7068 (10.55)    0.2861 (13.80)    437.6109 (10.55)    0.2415 (11.08)         1;1   2.2846 (0.09)          5           1
test_process_data_benchmark[3-10000000]     437.6727 (10.56)    437.7247 (10.53)    437.7082 (10.55)    0.0207 (1.0)      437.7148 (10.55)    0.0218 (1.0)           1;0   2.2846 (0.09)          5           1
---------------------------------------------------------------------------------------------------------------------------------------------------------------------------------------------------------------

Legend:
  Outliers: 1 Standard Deviation from Mean; 1.5 IQR (InterQuartile Range) from 1st Quartile and 3rd Quartile.
  OPS: Operations Per Second, computed as 1 / Mean
12 passed in 26.85s

 Performance counter stats for 'system wide':

            627,21 Joules power/energy-pkg/                                           

      26,993790125 seconds time elapsed

