............                                                             [100%]

--------------------------------------------------------------------------------------------- benchmark: 12 tests ---------------------------------------------------------------------------------------------
Name (time in ms)                                Min                 Max                Mean            StdDev              Median               IQR            Outliers      OPS            Rounds  Iterations
---------------------------------------------------------------------------------------------------------------------------------------------------------------------------------------------------------------
test_process_data_benchmark[1-1000000]       40.6866 (1.0)       40.7696 (1.0)       40.7233 (1.0)      0.0248 (1.0)       40.7237 (1.0)      0.0444 (1.0)          11;0  24.5560 (1.0)          24           1
test_process_data_benchmark[2-1000000]       40.8550 (1.00)      40.9833 (1.01)      40.9054 (1.00)     0.0325 (1.31)      40.9116 (1.00)     0.0525 (1.18)          7;0  24.4466 (1.00)         24           1
test_process_data_benchmark[5-1000000]       40.8658 (1.00)      40.9617 (1.00)      40.9163 (1.00)     0.0298 (1.20)      40.9180 (1.00)     0.0496 (1.12)         10;0  24.4401 (1.00)         24           1
test_process_data_benchmark[3-1000000]       40.8852 (1.00)      41.1488 (1.01)      40.9445 (1.01)     0.0591 (2.39)      40.9384 (1.01)     0.0488 (1.10)          4;2  24.4233 (0.99)         24           1
test_process_data_benchmark[4-1000000]       40.9379 (1.01)      41.0901 (1.01)      41.0114 (1.01)     0.0407 (1.65)      41.0113 (1.01)     0.0573 (1.29)          8;0  24.3835 (0.99)         24           1
test_process_data_benchmark[0-1000000]       41.5468 (1.02)      42.7499 (1.05)      41.6644 (1.02)     0.2360 (9.53)      41.6181 (1.02)     0.0816 (1.84)          1;1  24.0013 (0.98)         24           1
test_process_data_benchmark[1-10000000]     423.7515 (10.42)    424.2580 (10.41)    423.9746 (10.41)    0.1914 (7.73)     423.9596 (10.41)    0.2575 (5.80)          2;0   2.3586 (0.10)          5           1
test_process_data_benchmark[4-10000000]     428.0108 (10.52)    428.5673 (10.51)    428.3118 (10.52)    0.2375 (9.59)     428.3986 (10.52)    0.4020 (9.05)          2;0   2.3347 (0.10)          5           1
test_process_data_benchmark[5-10000000]     428.0805 (10.52)    428.8809 (10.52)    428.3692 (10.52)    0.3254 (13.14)    428.2746 (10.52)    0.4625 (10.41)         1;0   2.3344 (0.10)          5           1
test_process_data_benchmark[2-10000000]     428.4599 (10.53)    429.7238 (10.54)    428.9765 (10.53)    0.6332 (25.58)    428.5794 (10.52)    1.1424 (25.71)         2;0   2.3311 (0.09)          5           1
test_process_data_benchmark[0-10000000]     428.4858 (10.53)    428.9188 (10.52)    428.6145 (10.53)    0.1731 (6.99)     428.5500 (10.52)    0.1272 (2.86)          1;1   2.3331 (0.10)          5           1
test_process_data_benchmark[3-10000000]     428.5064 (10.53)    429.2837 (10.53)    428.8058 (10.53)    0.3579 (14.45)    428.6403 (10.53)    0.6275 (14.12)         1;0   2.3321 (0.09)          5           1
---------------------------------------------------------------------------------------------------------------------------------------------------------------------------------------------------------------

Legend:
  Outliers: 1 Standard Deviation from Mean; 1.5 IQR (InterQuartile Range) from 1st Quartile and 3rd Quartile.
  OPS: Operations Per Second, computed as 1 / Mean
12 passed in 26.51s

 Performance counter stats for 'system wide':

            624,17 Joules power/energy-pkg/                                           

      26,649711822 seconds time elapsed

