............                                                             [100%]

--------------------------------------------------------------------------------------------- benchmark: 12 tests ---------------------------------------------------------------------------------------------
Name (time in ms)                                Min                 Max                Mean            StdDev              Median               IQR            Outliers      OPS            Rounds  Iterations
---------------------------------------------------------------------------------------------------------------------------------------------------------------------------------------------------------------
test_process_data_benchmark[0-1000000]       40.7961 (1.0)       41.9346 (1.02)      40.9076 (1.0)      0.2692 (8.47)      40.8305 (1.0)      0.0340 (1.0)           2;2  24.4453 (1.0)          24           1
test_process_data_benchmark[5-1000000]       41.0373 (1.01)      41.1358 (1.0)       41.0897 (1.00)     0.0318 (1.0)       41.0859 (1.01)     0.0623 (1.83)         11;0  24.3370 (1.00)         24           1
test_process_data_benchmark[2-1000000]       41.0398 (1.01)      41.8942 (1.02)      41.1183 (1.01)     0.1681 (5.29)      41.0915 (1.01)     0.0531 (1.56)          1;1  24.3201 (0.99)         24           1
test_process_data_benchmark[3-1000000]       41.0531 (1.01)      41.1670 (1.00)      41.0940 (1.00)     0.0318 (1.00)      41.0853 (1.01)     0.0554 (1.63)         10;0  24.3345 (1.00)         24           1
test_process_data_benchmark[4-1000000]       41.0864 (1.01)      41.2657 (1.00)      41.1597 (1.01)     0.0491 (1.54)      41.1504 (1.01)     0.0660 (1.94)          8;0  24.2956 (0.99)         24           1
test_process_data_benchmark[1-1000000]       41.1717 (1.01)      41.2840 (1.00)      41.2308 (1.01)     0.0339 (1.07)      41.2345 (1.01)     0.0556 (1.63)          7;0  24.2537 (0.99)         22           1
test_process_data_benchmark[1-10000000]     425.4322 (10.43)    426.1945 (10.36)    425.7257 (10.41)    0.2875 (9.05)     425.6900 (10.43)    0.3151 (9.26)          2;0   2.3489 (0.10)          5           1
test_process_data_benchmark[3-10000000]     430.0904 (10.54)    430.5219 (10.47)    430.3705 (10.52)    0.1825 (5.74)     430.4445 (10.54)    0.2752 (8.09)          1;0   2.3236 (0.10)          5           1
test_process_data_benchmark[0-10000000]     430.3526 (10.55)    430.6848 (10.47)    430.4527 (10.52)    0.1372 (4.32)     430.3998 (10.54)    0.1615 (4.75)          1;0   2.3231 (0.10)          5           1
test_process_data_benchmark[4-10000000]     430.3840 (10.55)    434.6693 (10.57)    432.8571 (10.58)    2.2251 (70.03)    434.3593 (10.64)    4.0323 (118.55)        2;0   2.3102 (0.09)          5           1
test_process_data_benchmark[2-10000000]     430.6495 (10.56)    431.1208 (10.48)    430.8527 (10.53)    0.1938 (6.10)     430.8859 (10.55)    0.3049 (8.96)          2;0   2.3210 (0.09)          5           1
test_process_data_benchmark[5-10000000]     436.6104 (10.70)    436.8835 (10.62)    436.7262 (10.68)    0.1069 (3.37)     436.7255 (10.70)    0.1555 (4.57)          2;0   2.2898 (0.09)          5           1
---------------------------------------------------------------------------------------------------------------------------------------------------------------------------------------------------------------

Legend:
  Outliers: 1 Standard Deviation from Mean; 1.5 IQR (InterQuartile Range) from 1st Quartile and 3rd Quartile.
  OPS: Operations Per Second, computed as 1 / Mean
12 passed in 26.62s

 Performance counter stats for 'system wide':

            619,55 Joules power/energy-pkg/                                           

      26,764656660 seconds time elapsed

