............                                                             [100%]

--------------------------------------------------------------------------------------------- benchmark: 12 tests ---------------------------------------------------------------------------------------------
Name (time in ms)                                Min                 Max                Mean            StdDev              Median               IQR            Outliers      OPS            Rounds  Iterations
---------------------------------------------------------------------------------------------------------------------------------------------------------------------------------------------------------------
test_process_data_benchmark[1-1000000]       40.8186 (1.0)       40.8744 (1.0)       40.8470 (1.0)      0.0160 (1.0)       40.8489 (1.0)      0.0210 (1.0)           9;0  24.4816 (1.0)          24           1
test_process_data_benchmark[0-1000000]       40.8899 (1.00)      41.9427 (1.03)      40.9607 (1.00)     0.2098 (13.13)     40.9172 (1.00)     0.0297 (1.42)          1;1  24.4137 (1.00)         24           1
test_process_data_benchmark[2-1000000]       41.2686 (1.01)      41.3732 (1.01)      41.3210 (1.01)     0.0267 (1.67)      41.3254 (1.01)     0.0440 (2.10)         10;0  24.2008 (0.99)         24           1
test_process_data_benchmark[4-1000000]       41.2854 (1.01)      41.3730 (1.01)      41.3317 (1.01)     0.0259 (1.62)      41.3361 (1.01)     0.0387 (1.84)          9;0  24.1945 (0.99)         24           1
test_process_data_benchmark[3-1000000]       41.2856 (1.01)      41.4292 (1.01)      41.3262 (1.01)     0.0361 (2.26)      41.3192 (1.01)     0.0585 (2.79)          7;0  24.1977 (0.99)         24           1
test_process_data_benchmark[5-1000000]       41.3054 (1.01)      41.3945 (1.01)      41.3429 (1.01)     0.0304 (1.90)      41.3335 (1.01)     0.0576 (2.74)         11;0  24.1879 (0.99)         24           1
test_process_data_benchmark[1-10000000]     425.6924 (10.43)    426.2241 (10.43)    425.9010 (10.43)    0.1986 (12.43)    425.8795 (10.43)    0.2089 (9.95)          2;0   2.3480 (0.10)          5           1
test_process_data_benchmark[3-10000000]     430.1202 (10.54)    430.5944 (10.53)    430.4061 (10.54)    0.1752 (10.97)    430.4520 (10.54)    0.1681 (8.01)          2;0   2.3234 (0.09)          5           1
test_process_data_benchmark[4-10000000]     430.3911 (10.54)    431.1665 (10.55)    430.6730 (10.54)    0.3149 (19.71)    430.5686 (10.54)    0.4470 (21.29)         1;0   2.3219 (0.09)          5           1
test_process_data_benchmark[0-10000000]     430.4475 (10.55)    430.8078 (10.54)    430.6238 (10.54)    0.1506 (9.43)     430.6115 (10.54)    0.2600 (12.39)         2;0   2.3222 (0.09)          5           1
test_process_data_benchmark[5-10000000]     430.5305 (10.55)    430.8555 (10.54)    430.6735 (10.54)    0.1351 (8.46)     430.6910 (10.54)    0.2217 (10.56)         2;0   2.3219 (0.09)          5           1
test_process_data_benchmark[2-10000000]     430.9131 (10.56)    431.7867 (10.56)    431.3027 (10.56)    0.3700 (23.16)    431.3570 (10.56)    0.6257 (29.81)         2;0   2.3186 (0.09)          5           1
---------------------------------------------------------------------------------------------------------------------------------------------------------------------------------------------------------------

Legend:
  Outliers: 1 Standard Deviation from Mean; 1.5 IQR (InterQuartile Range) from 1st Quartile and 3rd Quartile.
  OPS: Operations Per Second, computed as 1 / Mean
12 passed in 26.62s

 Performance counter stats for 'system wide':

            637,56 Joules power/energy-pkg/                                           

      26,756853820 seconds time elapsed

