............                                                             [100%]

--------------------------------------------------------------------------------------------- benchmark: 12 tests ---------------------------------------------------------------------------------------------
Name (time in ms)                                Min                 Max                Mean            StdDev              Median               IQR            Outliers      OPS            Rounds  Iterations
---------------------------------------------------------------------------------------------------------------------------------------------------------------------------------------------------------------
test_process_data_benchmark[1-1000000]       40.8218 (1.0)       40.8931 (1.0)       40.8512 (1.0)      0.0200 (1.02)      40.8499 (1.0)      0.0277 (1.0)           9;0  24.4791 (1.0)          24           1
test_process_data_benchmark[5-1000000]       40.9715 (1.00)      41.0685 (1.00)      41.0205 (1.00)     0.0252 (1.29)      41.0183 (1.00)     0.0345 (1.25)          8;0  24.3781 (1.00)         24           1
test_process_data_benchmark[3-1000000]       40.9960 (1.00)      41.0701 (1.00)      41.0263 (1.00)     0.0196 (1.0)       41.0262 (1.00)     0.0308 (1.11)          7;0  24.3746 (1.00)         24           1
test_process_data_benchmark[4-1000000]       41.0452 (1.01)      41.1164 (1.01)      41.0878 (1.01)     0.0203 (1.04)      41.0906 (1.01)     0.0316 (1.14)          9;0  24.3381 (0.99)         24           1
test_process_data_benchmark[2-1000000]       41.1112 (1.01)      41.2227 (1.01)      41.1586 (1.01)     0.0284 (1.45)      41.1557 (1.01)     0.0359 (1.30)          8;0  24.2962 (0.99)         24           1
test_process_data_benchmark[0-1000000]       41.5394 (1.02)      42.6014 (1.04)      41.6346 (1.02)     0.2081 (10.64)     41.5968 (1.02)     0.0581 (2.10)          1;1  24.0185 (0.98)         24           1
test_process_data_benchmark[1-10000000]     425.3661 (10.42)    426.1187 (10.42)    425.6940 (10.42)    0.2778 (14.21)    425.6846 (10.42)    0.3262 (11.77)         2;0   2.3491 (0.10)          5           1
test_process_data_benchmark[4-10000000]     429.2086 (10.51)    430.0512 (10.52)    429.5016 (10.51)    0.3381 (17.29)    429.4619 (10.51)    0.4332 (15.63)         1;0   2.3283 (0.10)          5           1
test_process_data_benchmark[0-10000000]     429.2110 (10.51)    435.8979 (10.66)    430.7162 (10.54)    2.9038 (148.49)   429.4091 (10.51)    2.0005 (72.20)         1;1   2.3217 (0.09)          5           1
test_process_data_benchmark[5-10000000]     429.2123 (10.51)    429.6742 (10.51)    429.4249 (10.51)    0.1684 (8.61)     429.4185 (10.51)    0.1947 (7.03)          2;0   2.3287 (0.10)          5           1
test_process_data_benchmark[3-10000000]     429.5108 (10.52)    429.7949 (10.51)    429.6530 (10.52)    0.1270 (6.49)     429.6794 (10.52)    0.2324 (8.39)          2;0   2.3275 (0.10)          5           1
test_process_data_benchmark[2-10000000]     430.0628 (10.54)    430.9629 (10.54)    430.3655 (10.53)    0.3709 (18.97)    430.1992 (10.53)    0.4971 (17.94)         1;0   2.3236 (0.09)          5           1
---------------------------------------------------------------------------------------------------------------------------------------------------------------------------------------------------------------

Legend:
  Outliers: 1 Standard Deviation from Mean; 1.5 IQR (InterQuartile Range) from 1st Quartile and 3rd Quartile.
  OPS: Operations Per Second, computed as 1 / Mean
12 passed in 26.58s

 Performance counter stats for 'system wide':

            625,80 Joules power/energy-pkg/                                           

      26,719288317 seconds time elapsed

