............                                                             [100%]

--------------------------------------------------------------------------------------------- benchmark: 12 tests ---------------------------------------------------------------------------------------------
Name (time in ms)                                Min                 Max                Mean            StdDev              Median               IQR            Outliers      OPS            Rounds  Iterations
---------------------------------------------------------------------------------------------------------------------------------------------------------------------------------------------------------------
test_process_data_benchmark[1-1000000]       40.3571 (1.0)       40.5622 (1.0)       40.4278 (1.0)      0.0470 (1.27)      40.4233 (1.0)      0.0604 (2.30)          5;1  24.7354 (1.0)          24           1
test_process_data_benchmark[3-1000000]       40.7301 (1.01)      40.8879 (1.01)      40.7778 (1.01)     0.0370 (1.0)       40.7730 (1.01)     0.0302 (1.15)          5;2  24.5231 (0.99)         24           1
test_process_data_benchmark[2-1000000]       40.7381 (1.01)      41.0057 (1.01)      40.8233 (1.01)     0.0539 (1.45)      40.8189 (1.01)     0.0459 (1.75)          5;1  24.4958 (0.99)         24           1
test_process_data_benchmark[4-1000000]       40.7645 (1.01)      40.9980 (1.01)      40.8269 (1.01)     0.0501 (1.35)      40.8150 (1.01)     0.0588 (2.24)          4;1  24.4936 (0.99)         24           1
test_process_data_benchmark[5-1000000]       40.7771 (1.01)      40.9685 (1.01)      40.8343 (1.01)     0.0437 (1.18)      40.8251 (1.01)     0.0503 (1.91)          7;1  24.4892 (0.99)         24           1
test_process_data_benchmark[0-1000000]       41.2404 (1.02)      42.3949 (1.05)      41.3175 (1.02)     0.2309 (6.23)      41.2704 (1.02)     0.0263 (1.0)           1;2  24.2028 (0.98)         24           1
test_process_data_benchmark[1-10000000]     423.1243 (10.48)    423.4468 (10.44)    423.2752 (10.47)    0.1205 (3.25)     423.2505 (10.47)    0.1576 (6.00)          2;0   2.3625 (0.10)          5           1
test_process_data_benchmark[3-10000000]     427.2013 (10.59)    427.5015 (10.54)    427.3800 (10.57)    0.1301 (3.51)     427.4495 (10.57)    0.2099 (7.99)          1;0   2.3398 (0.09)          5           1
test_process_data_benchmark[4-10000000]     427.3016 (10.59)    428.2565 (10.56)    427.5647 (10.58)    0.3944 (10.65)    427.4295 (10.57)    0.3597 (13.69)         1;1   2.3388 (0.09)          5           1
test_process_data_benchmark[0-10000000]     427.4234 (10.59)    428.1985 (10.56)    427.7291 (10.58)    0.2924 (7.89)     427.6341 (10.58)    0.3316 (12.63)         2;0   2.3379 (0.09)          5           1
test_process_data_benchmark[5-10000000]     427.5686 (10.59)    428.0193 (10.55)    427.7246 (10.58)    0.1762 (4.76)     427.6575 (10.58)    0.1944 (7.40)          1;0   2.3380 (0.09)          5           1
test_process_data_benchmark[2-10000000]     427.7364 (10.60)    428.7956 (10.57)    428.2635 (10.59)    0.3810 (10.29)    428.3125 (10.60)    0.3989 (15.19)         2;0   2.3350 (0.09)          5           1
---------------------------------------------------------------------------------------------------------------------------------------------------------------------------------------------------------------

Legend:
  Outliers: 1 Standard Deviation from Mean; 1.5 IQR (InterQuartile Range) from 1st Quartile and 3rd Quartile.
  OPS: Operations Per Second, computed as 1 / Mean
12 passed in 26.43s

 Performance counter stats for 'system wide':

            640,58 Joules power/energy-pkg/                                           

      26,576138457 seconds time elapsed

