............                                                             [100%]

--------------------------------------------------------------------------------------------- benchmark: 12 tests ---------------------------------------------------------------------------------------------
Name (time in ms)                                Min                 Max                Mean            StdDev              Median               IQR            Outliers      OPS            Rounds  Iterations
---------------------------------------------------------------------------------------------------------------------------------------------------------------------------------------------------------------
test_process_data_benchmark[1-1000000]       40.8043 (1.0)       40.9637 (1.0)       40.8542 (1.0)      0.0382 (1.17)      40.8427 (1.0)      0.0574 (2.22)          6;0  24.4773 (1.0)          24           1
test_process_data_benchmark[2-1000000]       41.3555 (1.01)      41.4927 (1.01)      41.4105 (1.01)     0.0350 (1.07)      41.4081 (1.01)     0.0312 (1.20)          6;2  24.1485 (0.99)         24           1
test_process_data_benchmark[3-1000000]       41.3556 (1.01)      42.0333 (1.03)      41.6620 (1.02)     0.2807 (8.60)      41.4905 (1.02)     0.5542 (21.37)        11;0  24.0027 (0.98)         24           1
test_process_data_benchmark[5-1000000]       41.3570 (1.01)      41.5474 (1.01)      41.4369 (1.01)     0.0500 (1.53)      41.4329 (1.01)     0.0797 (3.07)          8;0  24.1331 (0.99)         24           1
test_process_data_benchmark[4-1000000]       41.3743 (1.01)      41.4827 (1.01)      41.4168 (1.01)     0.0326 (1.0)       41.4099 (1.01)     0.0483 (1.86)         10;0  24.1448 (0.99)         24           1
test_process_data_benchmark[0-1000000]       41.8205 (1.02)      43.0662 (1.05)      41.9048 (1.03)     0.2481 (7.60)      41.8519 (1.02)     0.0259 (1.0)           1;1  23.8636 (0.97)         24           1
test_process_data_benchmark[1-10000000]     421.8665 (10.34)    422.9084 (10.32)    422.2424 (10.34)    0.3918 (12.00)    422.1547 (10.34)    0.2914 (11.24)         1;1   2.3683 (0.10)          5           1
test_process_data_benchmark[3-10000000]     424.9038 (10.41)    425.8824 (10.40)    425.5888 (10.42)    0.4025 (12.33)    425.6732 (10.42)    0.4522 (17.44)         1;0   2.3497 (0.10)          5           1
test_process_data_benchmark[5-10000000]     424.9217 (10.41)    426.0681 (10.40)    425.2989 (10.41)    0.4440 (13.60)    425.1480 (10.41)    0.3408 (13.14)         1;1   2.3513 (0.10)          5           1
test_process_data_benchmark[2-10000000]     425.0867 (10.42)    425.4999 (10.39)    425.3228 (10.41)    0.1733 (5.31)     425.3650 (10.41)    0.2905 (11.20)         2;0   2.3512 (0.10)          5           1
test_process_data_benchmark[4-10000000]     425.1930 (10.42)    425.5834 (10.39)    425.3513 (10.41)    0.1477 (4.52)     425.3352 (10.41)    0.1821 (7.02)          2;0   2.3510 (0.10)          5           1
test_process_data_benchmark[0-10000000]     425.4392 (10.43)    425.8991 (10.40)    425.6936 (10.42)    0.1668 (5.11)     425.7203 (10.42)    0.1768 (6.82)          2;0   2.3491 (0.10)          5           1
---------------------------------------------------------------------------------------------------------------------------------------------------------------------------------------------------------------

Legend:
  Outliers: 1 Standard Deviation from Mean; 1.5 IQR (InterQuartile Range) from 1st Quartile and 3rd Quartile.
  OPS: Operations Per Second, computed as 1 / Mean
12 passed in 26.45s

 Performance counter stats for 'system wide':

            619,84 Joules power/energy-pkg/                                           

      26,586474231 seconds time elapsed

