............                                                             [100%]

--------------------------------------------------------------------------------------------- benchmark: 12 tests ---------------------------------------------------------------------------------------------
Name (time in ms)                                Min                 Max                Mean            StdDev              Median               IQR            Outliers      OPS            Rounds  Iterations
---------------------------------------------------------------------------------------------------------------------------------------------------------------------------------------------------------------
test_process_data_benchmark[0-1000000]       41.2101 (1.0)       42.2531 (1.02)      41.2874 (1.0)      0.2071 (6.26)      41.2420 (1.0)      0.0158 (1.0)           1;3  24.2205 (1.0)          24           1
test_process_data_benchmark[2-1000000]       41.3485 (1.00)      41.8734 (1.01)      41.6103 (1.01)     0.2259 (6.83)      41.6276 (1.01)     0.4480 (28.38)        12;0  24.0325 (0.99)         24           1
test_process_data_benchmark[3-1000000]       41.3984 (1.00)      41.8979 (1.01)      41.6629 (1.01)     0.2190 (6.62)      41.6769 (1.01)     0.4230 (26.80)         9;0  24.0022 (0.99)         24           1
test_process_data_benchmark[4-1000000]       41.4196 (1.01)      41.9111 (1.01)      41.6694 (1.01)     0.2120 (6.41)      41.6771 (1.01)     0.4087 (25.89)         8;0  23.9984 (0.99)         24           1
test_process_data_benchmark[5-1000000]       41.4279 (1.01)      41.9098 (1.01)      41.6758 (1.01)     0.2119 (6.41)      41.6926 (1.01)     0.4172 (26.43)         8;0  23.9947 (0.99)         24           1
test_process_data_benchmark[1-1000000]       41.4342 (1.01)      41.5599 (1.0)       41.4941 (1.01)     0.0331 (1.0)       41.4966 (1.01)     0.0445 (2.82)          9;0  24.0998 (1.00)         24           1
test_process_data_benchmark[1-10000000]     421.7623 (10.23)    427.2322 (10.28)    424.0074 (10.27)    2.6815 (81.10)    422.7033 (10.25)    4.9749 (315.18)        1;0   2.3584 (0.10)          5           1
test_process_data_benchmark[2-10000000]     425.3066 (10.32)    431.0224 (10.37)    428.7645 (10.38)    3.0062 (90.92)    430.8937 (10.45)    5.4159 (343.12)        2;0   2.3323 (0.10)          5           1
test_process_data_benchmark[4-10000000]     425.3323 (10.32)    431.0288 (10.37)    428.7707 (10.39)    3.0068 (90.94)    430.9049 (10.45)    5.4256 (343.73)        2;0   2.3322 (0.10)          5           1
test_process_data_benchmark[5-10000000]     425.6164 (10.33)    430.9964 (10.37)    427.9147 (10.36)    2.7587 (83.43)    426.2715 (10.34)    5.1090 (323.68)        2;0   2.3369 (0.10)          5           1
test_process_data_benchmark[3-10000000]     425.6231 (10.33)    431.0049 (10.37)    427.9779 (10.37)    2.7570 (83.38)    426.3641 (10.34)    5.1179 (324.24)        2;0   2.3366 (0.10)          5           1
test_process_data_benchmark[0-10000000]     425.7135 (10.33)    426.7536 (10.27)    426.2878 (10.32)    0.4617 (13.96)    426.4783 (10.34)    0.8072 (51.14)         2;0   2.3458 (0.10)          5           1
---------------------------------------------------------------------------------------------------------------------------------------------------------------------------------------------------------------

Legend:
  Outliers: 1 Standard Deviation from Mean; 1.5 IQR (InterQuartile Range) from 1st Quartile and 3rd Quartile.
  OPS: Operations Per Second, computed as 1 / Mean
12 passed in 26.56s

 Performance counter stats for 'system wide':

            627,84 Joules power/energy-pkg/                                           

      26,700555315 seconds time elapsed

