............                                                             [100%]

--------------------------------------------------------------------------------------------- benchmark: 12 tests ---------------------------------------------------------------------------------------------
Name (time in ms)                                Min                 Max                Mean            StdDev              Median               IQR            Outliers      OPS            Rounds  Iterations
---------------------------------------------------------------------------------------------------------------------------------------------------------------------------------------------------------------
test_process_data_benchmark[1-1000000]       40.9793 (1.0)       41.6992 (1.01)      41.1197 (1.0)      0.2201 (6.48)      41.0445 (1.0)      0.0331 (1.07)          3;4  24.3193 (1.0)          24           1
test_process_data_benchmark[0-1000000]       41.1463 (1.00)      42.2493 (1.02)      41.2248 (1.00)     0.2192 (6.45)      41.1804 (1.00)     0.0309 (1.0)           1;1  24.2573 (1.00)         24           1
test_process_data_benchmark[4-1000000]       41.2882 (1.01)      41.4290 (1.00)      41.3413 (1.01)     0.0340 (1.0)       41.3389 (1.01)     0.0533 (1.72)          8;0  24.1889 (0.99)         24           1
test_process_data_benchmark[5-1000000]       41.2973 (1.01)      41.4188 (1.0)       41.3511 (1.01)     0.0371 (1.09)      41.3382 (1.01)     0.0657 (2.12)          9;0  24.1832 (0.99)         24           1
test_process_data_benchmark[3-1000000]       41.3257 (1.01)      41.4479 (1.00)      41.3847 (1.01)     0.0382 (1.13)      41.3904 (1.01)     0.0721 (2.33)         11;0  24.1635 (0.99)         24           1
test_process_data_benchmark[2-1000000]       41.4586 (1.01)      41.6134 (1.00)      41.5210 (1.01)     0.0515 (1.52)      41.4940 (1.01)     0.0904 (2.92)          8;0  24.0842 (0.99)         24           1
test_process_data_benchmark[1-10000000]     423.4526 (10.33)    423.8731 (10.23)    423.6460 (10.30)    0.1540 (4.53)     423.6449 (10.32)    0.1830 (5.92)          2;0   2.3605 (0.10)          5           1
test_process_data_benchmark[2-10000000]     425.9830 (10.40)    426.7167 (10.30)    426.3300 (10.37)    0.2720 (8.01)     426.3296 (10.39)    0.3514 (11.36)         2;0   2.3456 (0.10)          5           1
test_process_data_benchmark[4-10000000]     425.9930 (10.40)    427.2589 (10.32)    426.4362 (10.37)    0.4823 (14.20)    426.3369 (10.39)    0.4105 (13.27)         1;1   2.3450 (0.10)          5           1
test_process_data_benchmark[3-10000000]     426.0270 (10.40)    426.6067 (10.30)    426.2718 (10.37)    0.2222 (6.54)     426.2211 (10.38)    0.3021 (9.77)          2;0   2.3459 (0.10)          5           1
test_process_data_benchmark[0-10000000]     426.2021 (10.40)    427.0114 (10.31)    426.6282 (10.38)    0.3055 (8.99)     426.7034 (10.40)    0.4109 (13.28)         2;0   2.3440 (0.10)          5           1
test_process_data_benchmark[5-10000000]     428.3585 (10.45)    428.7350 (10.35)    428.5032 (10.42)    0.1485 (4.37)     428.4684 (10.44)    0.2053 (6.64)          1;0   2.3337 (0.10)          5           1
---------------------------------------------------------------------------------------------------------------------------------------------------------------------------------------------------------------

Legend:
  Outliers: 1 Standard Deviation from Mean; 1.5 IQR (InterQuartile Range) from 1st Quartile and 3rd Quartile.
  OPS: Operations Per Second, computed as 1 / Mean
12 passed in 26.52s

 Performance counter stats for 'system wide':

            625,93 Joules power/energy-pkg/                                           

      26,664587830 seconds time elapsed

