............                                                             [100%]

--------------------------------------------------------------------------------------------- benchmark: 12 tests ---------------------------------------------------------------------------------------------
Name (time in ms)                                Min                 Max                Mean            StdDev              Median               IQR            Outliers      OPS            Rounds  Iterations
---------------------------------------------------------------------------------------------------------------------------------------------------------------------------------------------------------------
test_process_data_benchmark[1-1000000]       40.8171 (1.0)       40.9040 (1.0)       40.8607 (1.0)      0.0231 (1.0)       40.8612 (1.0)      0.0340 (1.96)          8;0  24.4734 (1.0)          24           1
test_process_data_benchmark[0-1000000]       41.0411 (1.01)      42.0312 (1.03)      41.1222 (1.01)     0.1942 (8.40)      41.0861 (1.01)     0.0174 (1.0)           1;2  24.3177 (0.99)         24           1
test_process_data_benchmark[2-1000000]       41.2939 (1.01)      41.4008 (1.01)      41.3424 (1.01)     0.0293 (1.27)      41.3388 (1.01)     0.0392 (2.26)          8;0  24.1883 (0.99)         24           1
test_process_data_benchmark[5-1000000]       41.2977 (1.01)      41.6438 (1.02)      41.3682 (1.01)     0.0690 (2.99)      41.3498 (1.01)     0.0621 (3.58)          2;1  24.1731 (0.99)         24           1
test_process_data_benchmark[4-1000000]       41.3139 (1.01)      41.4271 (1.01)      41.3687 (1.01)     0.0279 (1.21)      41.3632 (1.01)     0.0278 (1.60)          8;1  24.1728 (0.99)         24           1
test_process_data_benchmark[3-1000000]       41.3317 (1.01)      41.4844 (1.01)      41.4065 (1.01)     0.0412 (1.78)      41.4037 (1.01)     0.0659 (3.80)          7;0  24.1508 (0.99)         24           1
test_process_data_benchmark[1-10000000]     425.4707 (10.42)    426.8987 (10.44)    426.0422 (10.43)    0.5567 (24.08)    425.9535 (10.42)    0.7708 (44.40)         2;0   2.3472 (0.10)          5           1
test_process_data_benchmark[2-10000000]     430.1577 (10.54)    430.4423 (10.52)    430.2606 (10.53)    0.1158 (5.01)     430.2290 (10.53)    0.1655 (9.53)          1;0   2.3242 (0.09)          5           1
test_process_data_benchmark[5-10000000]     430.3156 (10.54)    431.3322 (10.55)    430.7156 (10.54)    0.4182 (18.09)    430.5525 (10.54)    0.6383 (36.77)         1;0   2.3217 (0.09)          5           1
test_process_data_benchmark[4-10000000]     430.7118 (10.55)    431.1083 (10.54)    430.8983 (10.55)    0.1886 (8.16)     430.8566 (10.54)    0.3623 (20.87)         1;0   2.3207 (0.09)          5           1
test_process_data_benchmark[3-10000000]     430.8627 (10.56)    437.4640 (10.69)    433.7500 (10.62)    3.3140 (143.38)   431.9742 (10.57)    6.1750 (355.69)        2;0   2.3055 (0.09)          5           1
test_process_data_benchmark[0-10000000]     431.1223 (10.56)    431.4998 (10.55)    431.2632 (10.55)    0.1456 (6.30)     431.2239 (10.55)    0.1754 (10.10)         1;0   2.3188 (0.09)          5           1
---------------------------------------------------------------------------------------------------------------------------------------------------------------------------------------------------------------

Legend:
  Outliers: 1 Standard Deviation from Mean; 1.5 IQR (InterQuartile Range) from 1st Quartile and 3rd Quartile.
  OPS: Operations Per Second, computed as 1 / Mean
12 passed in 26.64s

 Performance counter stats for 'system wide':

            626,31 Joules power/energy-pkg/                                           

      26,785557499 seconds time elapsed

