............                                                             [100%]

--------------------------------------------------------------------------------------------- benchmark: 12 tests ---------------------------------------------------------------------------------------------
Name (time in ms)                                Min                 Max                Mean            StdDev              Median               IQR            Outliers      OPS            Rounds  Iterations
---------------------------------------------------------------------------------------------------------------------------------------------------------------------------------------------------------------
test_process_data_benchmark[1-1000000]       40.5850 (1.0)       41.5635 (1.0)       41.1256 (1.0)      0.3587 (1.56)      40.9237 (1.0)      0.6492 (1.42)          8;0  24.3157 (1.0)          24           1
test_process_data_benchmark[0-1000000]       40.8859 (1.01)      42.3359 (1.02)      41.1769 (1.00)     0.3371 (1.46)      41.1406 (1.01)     0.4585 (1.01)          1;1  24.2855 (1.00)         24           1
test_process_data_benchmark[3-1000000]       41.2168 (1.02)      41.7715 (1.01)      41.5024 (1.01)     0.2445 (1.06)      41.5156 (1.01)     0.4768 (1.05)          9;0  24.0950 (0.99)         24           1
test_process_data_benchmark[2-1000000]       41.2184 (1.02)      41.7868 (1.01)      41.5129 (1.01)     0.2418 (1.05)      41.5222 (1.01)     0.4743 (1.04)         10;0  24.0889 (0.99)         24           1
test_process_data_benchmark[4-1000000]       41.2455 (1.02)      41.8232 (1.01)      41.5227 (1.01)     0.2432 (1.06)      41.5332 (1.01)     0.4786 (1.05)          9;0  24.0832 (0.99)         24           1
test_process_data_benchmark[5-1000000]       41.2564 (1.02)      41.7899 (1.01)      41.5300 (1.01)     0.2302 (1.0)       41.5706 (1.02)     0.4561 (1.0)          10;0  24.0790 (0.99)         24           1
test_process_data_benchmark[1-10000000]     425.0616 (10.47)    428.7568 (10.32)    427.2973 (10.39)    1.6311 (7.08)     428.2795 (10.47)    2.6102 (5.72)          1;0   2.3403 (0.10)          5           1
test_process_data_benchmark[3-10000000]     429.3995 (10.58)    434.6790 (10.46)    432.2447 (10.51)    2.5861 (11.23)    433.8294 (10.60)    4.5942 (10.07)         2;0   2.3135 (0.10)          5           1
test_process_data_benchmark[5-10000000]     429.4779 (10.58)    434.6533 (10.46)    432.3395 (10.51)    2.5554 (11.10)    433.9498 (10.60)    4.5494 (9.97)          2;0   2.3130 (0.10)          5           1
test_process_data_benchmark[0-10000000]     429.5898 (10.58)    434.9841 (10.47)    432.8282 (10.52)    2.8800 (12.51)    434.8935 (10.63)    5.2157 (11.43)         2;0   2.3104 (0.10)          5           1
test_process_data_benchmark[4-10000000]     429.6154 (10.59)    440.6446 (10.60)    434.0513 (10.55)    4.6767 (20.31)    433.6797 (10.60)    7.8001 (17.10)         1;0   2.3039 (0.09)          5           1
test_process_data_benchmark[2-10000000]     430.3627 (10.60)    434.0437 (10.44)    431.9082 (10.50)    1.9178 (8.33)     430.6319 (10.52)    3.4963 (7.67)          2;0   2.3153 (0.10)          5           1
---------------------------------------------------------------------------------------------------------------------------------------------------------------------------------------------------------------

Legend:
  Outliers: 1 Standard Deviation from Mean; 1.5 IQR (InterQuartile Range) from 1st Quartile and 3rd Quartile.
  OPS: Operations Per Second, computed as 1 / Mean
12 passed in 26.71s

 Performance counter stats for 'system wide':

            628,23 Joules power/energy-pkg/                                           

      26,849834412 seconds time elapsed

