............                                                             [100%]

--------------------------------------------------------------------------------------------- benchmark: 12 tests ---------------------------------------------------------------------------------------------
Name (time in ms)                                Min                 Max                Mean            StdDev              Median               IQR            Outliers      OPS            Rounds  Iterations
---------------------------------------------------------------------------------------------------------------------------------------------------------------------------------------------------------------
test_process_data_benchmark[1-1000000]       40.7058 (1.0)       40.7872 (1.0)       40.7490 (1.0)      0.0213 (1.0)       40.7531 (1.0)      0.0235 (1.0)           8;0  24.5405 (1.0)          24           1
test_process_data_benchmark[0-1000000]       41.0885 (1.01)      42.0923 (1.03)      41.1573 (1.01)     0.2044 (9.58)      41.1182 (1.01)     0.0248 (1.06)          1;1  24.2970 (0.99)         23           1
test_process_data_benchmark[4-1000000]       41.2140 (1.01)      41.3845 (1.01)      41.2864 (1.01)     0.0382 (1.79)      41.2833 (1.01)     0.0430 (1.83)          7;1  24.2211 (0.99)         24           1
test_process_data_benchmark[3-1000000]       41.2287 (1.01)      41.3364 (1.01)      41.2881 (1.01)     0.0319 (1.49)      41.2824 (1.01)     0.0528 (2.25)          9;0  24.2201 (0.99)         24           1
test_process_data_benchmark[2-1000000]       41.2352 (1.01)      41.3560 (1.01)      41.2821 (1.01)     0.0307 (1.44)      41.2811 (1.01)     0.0374 (1.59)          7;1  24.2236 (0.99)         24           1
test_process_data_benchmark[5-1000000]       41.2583 (1.01)      41.3428 (1.01)      41.2993 (1.01)     0.0232 (1.09)      41.2926 (1.01)     0.0288 (1.23)         10;0  24.2135 (0.99)         24           1
test_process_data_benchmark[1-10000000]     425.6325 (10.46)    426.4290 (10.45)    426.0227 (10.45)    0.3686 (17.27)    425.9821 (10.45)    0.7015 (29.87)         2;0   2.3473 (0.10)          5           1
test_process_data_benchmark[5-10000000]     430.8165 (10.58)    432.4460 (10.60)    431.6335 (10.59)    0.6573 (30.80)    431.8103 (10.60)    1.0387 (44.22)         2;0   2.3168 (0.09)          5           1
test_process_data_benchmark[4-10000000]     430.8531 (10.58)    431.2492 (10.57)    430.9786 (10.58)    0.1582 (7.41)     430.9378 (10.57)    0.1667 (7.10)          1;0   2.3203 (0.09)          5           1
test_process_data_benchmark[2-10000000]     431.0100 (10.59)    431.4939 (10.58)    431.2479 (10.58)    0.1752 (8.21)     431.2176 (10.58)    0.1922 (8.18)          2;0   2.3189 (0.09)          5           1
test_process_data_benchmark[3-10000000]     431.0388 (10.59)    438.0790 (10.74)    435.4201 (10.69)    3.2844 (153.89)   437.5842 (10.74)    5.4499 (232.04)        1;0   2.2966 (0.09)          5           1
test_process_data_benchmark[0-10000000]     431.6749 (10.60)    434.0545 (10.64)    432.9785 (10.63)    1.1615 (54.42)    433.6892 (10.64)    2.0636 (87.86)         2;0   2.3096 (0.09)          5           1
---------------------------------------------------------------------------------------------------------------------------------------------------------------------------------------------------------------

Legend:
  Outliers: 1 Standard Deviation from Mean; 1.5 IQR (InterQuartile Range) from 1st Quartile and 3rd Quartile.
  OPS: Operations Per Second, computed as 1 / Mean
12 passed in 26.63s

 Performance counter stats for 'system wide':

            626,27 Joules power/energy-pkg/                                           

      26,773917916 seconds time elapsed

