............                                                             [100%]

------------------------------------------------------------------------------------------------- benchmark: 12 tests -------------------------------------------------------------------------------------------------
Name (time in ms)                                  Min                   Max                  Mean            StdDev                Median               IQR            Outliers      OPS            Rounds  Iterations
-----------------------------------------------------------------------------------------------------------------------------------------------------------------------------------------------------------------------
test_process_data_benchmark[1-1000000]         42.8112 (1.0)         42.9343 (1.0)         42.8600 (1.0)      0.0309 (3.42)        42.8493 (1.0)      0.0538 (3.88)          7;0  23.3318 (1.0)          23           1
test_process_data_benchmark[2-1000000]        280.8842 (6.56)       280.9592 (6.54)       280.9321 (6.55)     0.0286 (3.17)       280.9398 (6.56)     0.0290 (2.09)          1;0   3.5596 (0.15)          5           1
test_process_data_benchmark[3-1000000]        280.9154 (6.56)       280.9363 (6.54)       280.9283 (6.55)     0.0090 (1.0)        280.9337 (6.56)     0.0138 (1.0)           1;0   3.5596 (0.15)          5           1
test_process_data_benchmark[4-1000000]        281.0577 (6.57)       281.1678 (6.55)       281.1058 (6.56)     0.0395 (4.38)       281.1014 (6.56)     0.0329 (2.38)          2;0   3.5574 (0.15)          5           1
test_process_data_benchmark[5-1000000]        281.1043 (6.57)       281.1611 (6.55)       281.1270 (6.56)     0.0216 (2.39)       281.1271 (6.56)     0.0256 (1.85)          2;0   3.5571 (0.15)          5           1
test_process_data_benchmark[0-1000000]        285.0514 (6.66)       287.8871 (6.71)       285.6443 (6.66)     1.2541 (139.12)     285.0885 (6.65)     0.7588 (54.82)         1;1   3.5009 (0.15)          5           1
test_process_data_benchmark[1-10000000]       441.8437 (10.32)      442.5192 (10.31)      442.0792 (10.31)    0.2605 (28.90)      442.0341 (10.32)    0.2621 (18.94)         1;0   2.2620 (0.10)          5           1
test_process_data_benchmark[4-10000000]     2,824.3093 (65.97)    2,825.6350 (65.81)    2,824.8617 (65.91)    0.6001 (66.57)    2,824.6681 (65.92)    1.0811 (78.11)         1;0   0.3540 (0.02)          5           1
test_process_data_benchmark[3-10000000]     2,825.4231 (66.00)    2,826.8026 (65.84)    2,826.0303 (65.94)    0.6156 (68.29)    2,825.9619 (65.95)    1.1254 (81.31)         1;0   0.3539 (0.02)          5           1
test_process_data_benchmark[0-10000000]     2,826.0119 (66.01)    2,828.9348 (65.89)    2,827.6483 (65.97)    1.2415 (137.71)   2,828.3004 (66.01)    1.9682 (142.20)        2;0   0.3537 (0.02)          5           1
test_process_data_benchmark[5-10000000]     2,826.5749 (66.02)    2,827.8609 (65.86)    2,827.2784 (65.97)    0.4937 (54.77)    2,827.1977 (65.98)    0.6796 (49.10)         2;0   0.3537 (0.02)          5           1
test_process_data_benchmark[2-10000000]     2,830.8028 (66.12)    2,834.0376 (66.01)    2,832.4897 (66.09)    1.3122 (145.55)   2,832.9282 (66.11)    2.0675 (149.38)        2;0   0.3530 (0.02)          5           1
-----------------------------------------------------------------------------------------------------------------------------------------------------------------------------------------------------------------------

Legend:
  Outliers: 1 Standard Deviation from Mean; 1.5 IQR (InterQuartile Range) from 1st Quartile and 3rd Quartile.
  OPS: Operations Per Second, computed as 1 / Mean
12 passed in 115.12s (0:01:55)

 Performance counter stats for 'system wide':

          2.780,55 Joules power/energy-pkg/                                           

     115,260931363 seconds time elapsed

