............                                                             [100%]

------------------------------------------------------------------------------------------------- benchmark: 12 tests --------------------------------------------------------------------------------------------------
Name (time in ms)                                  Min                   Max                  Mean            StdDev                Median                IQR            Outliers      OPS            Rounds  Iterations
------------------------------------------------------------------------------------------------------------------------------------------------------------------------------------------------------------------------
test_process_data_benchmark[1-1000000]         42.5076 (1.0)         42.6834 (1.0)         42.5691 (1.0)      0.0446 (1.0)         42.5650 (1.0)       0.0634 (1.0)           6;0  23.4912 (1.0)          23           1
test_process_data_benchmark[3-1000000]        281.1001 (6.61)       282.5548 (6.62)       281.9545 (6.62)     0.7653 (17.17)      282.4589 (6.64)      1.4065 (22.17)         2;0   3.5467 (0.15)          5           1
test_process_data_benchmark[2-1000000]        281.6224 (6.63)       283.7969 (6.65)       282.5802 (6.64)     0.9413 (21.11)      282.8753 (6.65)      1.5533 (24.48)         3;0   3.5388 (0.15)          5           1
test_process_data_benchmark[4-1000000]        281.6917 (6.63)       283.3576 (6.64)       282.6572 (6.64)     0.8704 (19.52)      283.2018 (6.65)      1.6127 (25.42)         2;0   3.5379 (0.15)          5           1
test_process_data_benchmark[5-1000000]        282.4949 (6.65)       284.0811 (6.66)       283.5740 (6.66)     0.6959 (15.61)      284.0170 (6.67)      0.9881 (15.57)         1;0   3.5264 (0.15)          5           1
test_process_data_benchmark[0-1000000]        284.0729 (6.68)       286.0704 (6.70)       285.0721 (6.70)     0.9327 (20.92)      284.5842 (6.69)      1.6253 (25.62)         3;0   3.5079 (0.15)          5           1
test_process_data_benchmark[1-10000000]       445.4165 (10.48)      445.7242 (10.44)      445.5162 (10.47)    0.1216 (2.73)       445.4745 (10.47)     0.1237 (1.95)          1;0   2.2446 (0.10)          5           1
test_process_data_benchmark[0-10000000]     2,827.9480 (66.53)    2,843.2707 (66.61)    2,834.3576 (66.58)    8.0744 (181.10)   2,828.7825 (66.46)    14.6710 (231.25)        2;0   0.3528 (0.02)          5           1
test_process_data_benchmark[2-10000000]     2,838.0456 (66.77)    2,849.6031 (66.76)    2,842.6496 (66.78)    5.9362 (133.14)   2,838.5952 (66.69)    10.6484 (167.85)        2;0   0.3518 (0.01)          5           1
test_process_data_benchmark[3-10000000]     2,838.7907 (66.78)    2,854.5225 (66.88)    2,845.2019 (66.84)    8.4569 (189.68)   2,839.4490 (66.71)    15.5983 (245.87)        2;0   0.3515 (0.01)          5           1
test_process_data_benchmark[5-10000000]     2,846.7366 (66.97)    2,862.3653 (67.06)    2,853.0157 (67.02)    8.1948 (183.80)   2,847.4041 (66.90)    14.8818 (234.57)        2;0   0.3505 (0.01)          5           1
test_process_data_benchmark[4-10000000]     2,866.0036 (67.42)    2,882.9633 (67.54)    2,872.8474 (67.49)    8.9692 (201.17)   2,866.7369 (67.35)    16.3912 (258.37)        2;0   0.3481 (0.01)          5           1
------------------------------------------------------------------------------------------------------------------------------------------------------------------------------------------------------------------------

Legend:
  Outliers: 1 Standard Deviation from Mean; 1.5 IQR (InterQuartile Range) from 1st Quartile and 3rd Quartile.
  OPS: Operations Per Second, computed as 1 / Mean
12 passed in 115.86s (0:01:55)

 Performance counter stats for 'system wide':

          2.889,17 Joules power/energy-pkg/                                           

     116,001081790 seconds time elapsed

