............                                                             [100%]

-------------------------------------------------------------------------------------------------- benchmark: 12 tests --------------------------------------------------------------------------------------------------
Name (time in ms)                                  Min                   Max                  Mean             StdDev                Median                IQR            Outliers      OPS            Rounds  Iterations
-------------------------------------------------------------------------------------------------------------------------------------------------------------------------------------------------------------------------
test_process_data_benchmark[1-1000000]         42.5109 (1.0)         42.6064 (1.0)         42.5511 (1.0)       0.0232 (1.0)         42.5474 (1.0)       0.0301 (1.0)           7;0  23.5011 (1.0)          23           1
test_process_data_benchmark[2-1000000]        276.5724 (6.51)       277.4878 (6.51)       276.8397 (6.51)      0.3708 (15.97)      276.7171 (6.50)      0.3346 (11.11)         1;1   3.6122 (0.15)          5           1
test_process_data_benchmark[3-1000000]        276.8549 (6.51)       277.0407 (6.50)       276.9571 (6.51)      0.0855 (3.68)       276.9955 (6.51)      0.1532 (5.08)          1;0   3.6107 (0.15)          5           1
test_process_data_benchmark[5-1000000]        277.5226 (6.53)       277.7075 (6.52)       277.6189 (6.52)      0.0837 (3.60)       277.6617 (6.53)      0.1436 (4.77)          2;0   3.6021 (0.15)          5           1
test_process_data_benchmark[0-1000000]        277.5821 (6.53)       280.6509 (6.59)       279.9677 (6.58)      1.3360 (57.54)      280.4883 (6.59)      0.8837 (29.33)         1;1   3.5718 (0.15)          5           1
test_process_data_benchmark[4-1000000]        277.9145 (6.54)       278.0756 (6.53)       277.9792 (6.53)      0.0609 (2.62)       277.9661 (6.53)      0.0735 (2.44)          2;0   3.5974 (0.15)          5           1
test_process_data_benchmark[1-10000000]       441.2963 (10.38)      442.0518 (10.38)      441.5775 (10.38)     0.2912 (12.54)      441.5382 (10.38)     0.3459 (11.48)         1;0   2.2646 (0.10)          5           1
test_process_data_benchmark[2-10000000]     2,785.4895 (65.52)    2,787.9425 (65.43)    2,786.9256 (65.50)     1.0396 (44.77)    2,787.4062 (65.51)     1.6707 (55.45)         1;0   0.3588 (0.02)          5           1
test_process_data_benchmark[4-10000000]     2,790.9282 (65.65)    2,791.8402 (65.53)    2,791.2615 (65.60)     0.3752 (16.16)    2,791.0740 (65.60)     0.5288 (17.55)         1;0   0.3583 (0.02)          5           1
test_process_data_benchmark[5-10000000]     2,791.9260 (65.68)    2,793.9858 (65.58)    2,792.9942 (65.64)     0.9137 (39.35)    2,792.9438 (65.64)     1.6790 (55.72)         2;0   0.3580 (0.02)          5           1
test_process_data_benchmark[3-10000000]     2,793.4193 (65.71)    2,796.0401 (65.62)    2,794.5453 (65.67)     1.1006 (47.40)    2,794.2410 (65.67)     1.8405 (61.08)         2;0   0.3578 (0.02)          5           1
test_process_data_benchmark[0-10000000]     2,804.6592 (65.98)    2,825.1968 (66.31)    2,813.0505 (66.11)    11.0134 (474.32)   2,805.2054 (65.93)    20.0338 (664.89)        2;0   0.3555 (0.02)          5           1
-------------------------------------------------------------------------------------------------------------------------------------------------------------------------------------------------------------------------

Legend:
  Outliers: 1 Standard Deviation from Mean; 1.5 IQR (InterQuartile Range) from 1st Quartile and 3rd Quartile.
  OPS: Operations Per Second, computed as 1 / Mean
12 passed in 113.83s (0:01:53)

 Performance counter stats for 'system wide':

          2.824,53 Joules power/energy-pkg/                                           

     113,969408501 seconds time elapsed

