............                                                             [100%]

------------------------------------------------------------------------------------------------- benchmark: 12 tests --------------------------------------------------------------------------------------------------
Name (time in ms)                                  Min                   Max                  Mean            StdDev                Median                IQR            Outliers      OPS            Rounds  Iterations
------------------------------------------------------------------------------------------------------------------------------------------------------------------------------------------------------------------------
test_process_data_benchmark[1-1000000]         42.4318 (1.0)         42.5320 (1.0)         42.4787 (1.0)      0.0277 (1.0)         42.4878 (1.0)       0.0373 (1.0)           8;0  23.5412 (1.0)          23           1
test_process_data_benchmark[5-1000000]        278.1298 (6.55)       278.3230 (6.54)       278.2037 (6.55)     0.0817 (2.95)       278.1573 (6.55)      0.1221 (3.27)          1;0   3.5945 (0.15)          5           1
test_process_data_benchmark[3-1000000]        278.4119 (6.56)       279.2308 (6.57)       278.6578 (6.56)     0.3293 (11.90)      278.5845 (6.56)      0.2959 (7.93)          1;1   3.5886 (0.15)          5           1
test_process_data_benchmark[4-1000000]        278.4374 (6.56)       279.1087 (6.56)       278.7212 (6.56)     0.3432 (12.40)      278.4938 (6.55)      0.6192 (16.60)         2;0   3.5878 (0.15)          5           1
test_process_data_benchmark[2-1000000]        278.6307 (6.57)       278.8428 (6.56)       278.7460 (6.56)     0.1052 (3.80)       278.8067 (6.56)      0.1915 (5.13)          2;0   3.5875 (0.15)          5           1
test_process_data_benchmark[0-1000000]        280.4134 (6.61)       283.9268 (6.68)       283.1158 (6.66)     1.5147 (54.74)      283.7179 (6.68)      1.0401 (27.89)         1;1   3.5321 (0.15)          5           1
test_process_data_benchmark[1-10000000]       444.9116 (10.49)      450.0159 (10.58)      447.6529 (10.54)    2.4781 (89.55)      449.1327 (10.57)     4.3988 (117.94)        2;0   2.2339 (0.09)          5           1
test_process_data_benchmark[0-10000000]     2,802.5638 (66.05)    2,814.5590 (66.18)    2,809.5126 (66.14)    5.9885 (216.41)   2,813.4753 (66.22)    10.6379 (285.21)        2;0   0.3559 (0.02)          5           1
test_process_data_benchmark[4-10000000]     2,803.3027 (66.07)    2,804.9139 (65.95)    2,803.9411 (66.01)    0.6397 (23.12)    2,803.9187 (65.99)     0.9155 (24.55)         1;0   0.3566 (0.02)          5           1
test_process_data_benchmark[5-10000000]     2,805.0619 (66.11)    2,806.7746 (65.99)    2,806.0890 (66.06)    0.7154 (25.85)    2,806.0284 (66.04)     1.1297 (30.29)         1;0   0.3564 (0.02)          5           1
test_process_data_benchmark[3-10000000]     2,809.7812 (66.22)    2,811.2640 (66.10)    2,810.5576 (66.16)    0.5265 (19.03)    2,810.5556 (66.15)     0.4420 (11.85)         2;0   0.3558 (0.02)          5           1
test_process_data_benchmark[2-10000000]     2,811.3409 (66.26)    2,822.0860 (66.35)    2,817.6113 (66.33)    5.3646 (193.86)   2,821.0752 (66.40)     9.5916 (257.16)        2;0   0.3549 (0.02)          5           1
------------------------------------------------------------------------------------------------------------------------------------------------------------------------------------------------------------------------

Legend:
  Outliers: 1 Standard Deviation from Mean; 1.5 IQR (InterQuartile Range) from 1st Quartile and 3rd Quartile.
  OPS: Operations Per Second, computed as 1 / Mean
12 passed in 114.48s (0:01:54)

 Performance counter stats for 'system wide':

          2.872,76 Joules power/energy-pkg/                                           

     114,617612207 seconds time elapsed

