............                                                             [100%]

------------------------------------------------------------------------------------------------- benchmark: 12 tests -------------------------------------------------------------------------------------------------
Name (time in ms)                                  Min                   Max                  Mean            StdDev                Median               IQR            Outliers      OPS            Rounds  Iterations
-----------------------------------------------------------------------------------------------------------------------------------------------------------------------------------------------------------------------
test_process_data_benchmark[1-1000000]         42.6501 (1.0)         42.8904 (1.0)         42.7541 (1.0)      0.0684 (6.59)        42.7631 (1.0)      0.1081 (9.98)          7;0  23.3896 (1.0)          23           1
test_process_data_benchmark[2-1000000]        281.3930 (6.60)       281.5297 (6.56)       281.4617 (6.58)     0.0624 (6.01)       281.4737 (6.58)     0.1165 (10.76)         2;0   3.5529 (0.15)          5           1
test_process_data_benchmark[5-1000000]        281.6252 (6.60)       281.6529 (6.57)       281.6358 (6.59)     0.0104 (1.0)        281.6339 (6.59)     0.0108 (1.0)           2;0   3.5507 (0.15)          5           1
test_process_data_benchmark[4-1000000]        281.6647 (6.60)       282.0546 (6.58)       281.8894 (6.59)     0.1866 (17.97)      281.9932 (6.59)     0.3339 (30.84)         1;0   3.5475 (0.15)          5           1
test_process_data_benchmark[3-1000000]        282.2414 (6.62)       282.2852 (6.58)       282.2558 (6.60)     0.0175 (1.69)       282.2497 (6.60)     0.0203 (1.87)          1;0   3.5429 (0.15)          5           1
test_process_data_benchmark[0-1000000]        285.4476 (6.69)       286.9772 (6.69)       286.1110 (6.69)     0.7023 (67.65)      285.8425 (6.68)     1.2751 (117.78)        1;0   3.4951 (0.15)          5           1
test_process_data_benchmark[1-10000000]       440.7104 (10.33)      441.4367 (10.29)      441.0432 (10.32)    0.2613 (25.17)      441.0150 (10.31)    0.2646 (24.44)         2;0   2.2674 (0.10)          5           1
test_process_data_benchmark[2-10000000]     2,850.1245 (66.83)    2,853.9450 (66.54)    2,852.2308 (66.71)    1.6754 (161.38)   2,853.1474 (66.72)    2.7536 (254.36)        2;0   0.3506 (0.01)          5           1
test_process_data_benchmark[4-10000000]     2,855.8617 (66.96)    2,856.8042 (66.61)    2,856.1557 (66.80)    0.3760 (36.22)    2,856.0834 (66.79)    0.3588 (33.14)         1;0   0.3501 (0.01)          5           1
test_process_data_benchmark[5-10000000]     2,857.3780 (67.00)    2,858.5041 (66.65)    2,857.8314 (66.84)    0.4394 (42.33)    2,857.7392 (66.83)    0.6129 (56.62)         2;0   0.3499 (0.01)          5           1
test_process_data_benchmark[0-10000000]     2,858.1589 (67.01)    2,859.5953 (66.67)    2,858.7958 (66.87)    0.5225 (50.33)    2,858.8027 (66.85)    0.5511 (50.91)         2;0   0.3498 (0.01)          5           1
test_process_data_benchmark[3-10000000]     2,860.2882 (67.06)    2,860.8730 (66.70)    2,860.5705 (66.91)    0.2364 (22.78)    2,860.5634 (66.89)    0.3888 (35.91)         2;0   0.3496 (0.01)          5           1
-----------------------------------------------------------------------------------------------------------------------------------------------------------------------------------------------------------------------

Legend:
  Outliers: 1 Standard Deviation from Mean; 1.5 IQR (InterQuartile Range) from 1st Quartile and 3rd Quartile.
  OPS: Operations Per Second, computed as 1 / Mean
12 passed in 116.24s (0:01:56)

 Performance counter stats for 'system wide':

          2.845,95 Joules power/energy-pkg/                                           

     116,379153866 seconds time elapsed

