............                                                             [100%]

-------------------------------------------------------------------------------------------------- benchmark: 12 tests --------------------------------------------------------------------------------------------------
Name (time in ms)                                  Min                   Max                  Mean             StdDev                Median                IQR            Outliers      OPS            Rounds  Iterations
-------------------------------------------------------------------------------------------------------------------------------------------------------------------------------------------------------------------------
test_process_data_benchmark[1-1000000]         42.8690 (1.0)         43.6683 (1.0)         42.9659 (1.0)       0.1575 (1.0)         42.9262 (1.0)       0.0692 (1.0)           1;1  23.2743 (1.0)          23           1
test_process_data_benchmark[4-1000000]        276.2083 (6.44)       276.6369 (6.33)       276.4798 (6.43)      0.2115 (1.34)       276.6290 (6.44)      0.3620 (5.23)          1;0   3.6169 (0.16)          5           1
test_process_data_benchmark[5-1000000]        276.2796 (6.44)       276.6660 (6.34)       276.4981 (6.44)      0.1874 (1.19)       276.6166 (6.44)      0.3296 (4.76)          2;0   3.6167 (0.16)          5           1
test_process_data_benchmark[2-1000000]        276.3446 (6.45)       277.4800 (6.35)       277.0104 (6.45)      0.6025 (3.83)       277.4196 (6.46)      1.1041 (15.96)         2;0   3.6100 (0.16)          5           1
test_process_data_benchmark[3-1000000]        276.4990 (6.45)       276.8352 (6.34)       276.6926 (6.44)      0.1656 (1.05)       276.7981 (6.45)      0.2944 (4.25)          2;0   3.6141 (0.16)          5           1
test_process_data_benchmark[0-1000000]        281.0916 (6.56)       282.0905 (6.46)       281.4101 (6.55)      0.4038 (2.56)       281.3680 (6.55)      0.4474 (6.47)          1;0   3.5535 (0.15)          5           1
test_process_data_benchmark[1-10000000]       442.3420 (10.32)      478.5776 (10.96)      456.8839 (10.63)    19.6845 (124.97)     442.6677 (10.31)    35.9082 (518.90)        2;0   2.1887 (0.09)          5           1
test_process_data_benchmark[4-10000000]     2,776.7993 (64.77)    2,780.8975 (63.68)    2,778.5196 (64.67)     2.0002 (12.70)    2,777.5972 (64.71)     3.7295 (53.89)         1;0   0.3599 (0.02)          5           1
test_process_data_benchmark[5-10000000]     2,778.1522 (64.81)    2,782.2224 (63.71)    2,779.8430 (64.70)     1.8982 (12.05)    2,778.9653 (64.74)     3.4136 (49.33)         1;0   0.3597 (0.02)          5           1
test_process_data_benchmark[2-10000000]     2,778.8505 (64.82)    2,782.9887 (63.73)    2,780.3929 (64.71)     1.9043 (12.09)    2,779.2900 (64.75)     3.2005 (46.25)         1;0   0.3597 (0.02)          5           1
test_process_data_benchmark[0-10000000]     2,779.6952 (64.84)    2,795.3607 (64.01)    2,788.8668 (64.91)     8.0488 (51.10)    2,794.3752 (65.10)    14.4428 (208.71)        2;0   0.3586 (0.02)          5           1
test_process_data_benchmark[3-10000000]     2,786.4290 (65.00)    2,791.1915 (63.92)    2,788.3947 (64.90)     2.1863 (13.88)    2,787.3258 (64.93)     3.8451 (55.57)         1;0   0.3586 (0.02)          5           1
-------------------------------------------------------------------------------------------------------------------------------------------------------------------------------------------------------------------------

Legend:
  Outliers: 1 Standard Deviation from Mean; 1.5 IQR (InterQuartile Range) from 1st Quartile and 3rd Quartile.
  OPS: Operations Per Second, computed as 1 / Mean
12 passed in 113.44s (0:01:53)

 Performance counter stats for 'system wide':

          2.752,10 Joules power/energy-pkg/                                           

     113,584040989 seconds time elapsed

