............                                                             [100%]

------------------------------------------------------------------------------------------------- benchmark: 12 tests -------------------------------------------------------------------------------------------------
Name (time in ms)                                  Min                   Max                  Mean            StdDev                Median               IQR            Outliers      OPS            Rounds  Iterations
-----------------------------------------------------------------------------------------------------------------------------------------------------------------------------------------------------------------------
test_process_data_benchmark[1-1000000]         42.0923 (1.0)         42.2799 (1.0)         42.1980 (1.0)      0.0460 (2.31)        42.2081 (1.0)      0.0697 (2.59)          5;0  23.6978 (1.0)          23           1
test_process_data_benchmark[2-1000000]        278.3296 (6.61)       279.2077 (6.60)       278.5377 (6.60)     0.3760 (18.85)      278.3920 (6.60)     0.2676 (9.95)          1;1   3.5902 (0.15)          5           1
test_process_data_benchmark[3-1000000]        278.6140 (6.62)       278.7066 (6.59)       278.6659 (6.60)     0.0461 (2.31)       278.6884 (6.60)     0.0865 (3.22)          2;0   3.5885 (0.15)          5           1
test_process_data_benchmark[5-1000000]        278.9724 (6.63)       279.0259 (6.60)       278.9990 (6.61)     0.0199 (1.0)        278.9980 (6.61)     0.0269 (1.0)           2;0   3.5842 (0.15)          5           1
test_process_data_benchmark[0-1000000]        279.2381 (6.63)       280.6445 (6.64)       279.8319 (6.63)     0.5250 (26.32)      279.8576 (6.63)     0.6090 (22.64)         2;0   3.5736 (0.15)          5           1
test_process_data_benchmark[4-1000000]        279.8022 (6.65)       280.0208 (6.62)       279.9613 (6.63)     0.0920 (4.61)       280.0043 (6.63)     0.0964 (3.58)          1;0   3.5719 (0.15)          5           1
test_process_data_benchmark[1-10000000]       443.4671 (10.54)      444.3336 (10.51)      443.9405 (10.52)    0.4144 (20.77)      444.1842 (10.52)    0.7314 (27.19)         2;0   2.2526 (0.10)          5           1
test_process_data_benchmark[2-10000000]     2,806.2764 (66.67)    2,806.8855 (66.39)    2,806.5676 (66.51)    0.2754 (13.80)    2,806.4905 (66.49)    0.5045 (18.76)         2;0   0.3563 (0.02)          5           1
test_process_data_benchmark[0-10000000]     2,807.1996 (66.69)    2,808.5085 (66.43)    2,807.8507 (66.54)    0.5297 (26.55)    2,807.9925 (66.53)    0.8412 (31.28)         2;0   0.3561 (0.02)          5           1
test_process_data_benchmark[4-10000000]     2,813.8181 (66.85)    2,816.7409 (66.62)    2,815.2793 (66.72)    1.1337 (56.83)    2,815.4172 (66.70)    1.7038 (63.35)         2;0   0.3552 (0.01)          5           1
test_process_data_benchmark[5-10000000]     2,821.7857 (67.04)    2,822.8032 (66.76)    2,822.2473 (66.88)    0.4214 (21.13)    2,822.0655 (66.86)    0.6673 (24.81)         2;0   0.3543 (0.01)          5           1
test_process_data_benchmark[3-10000000]     2,822.2991 (67.05)    2,823.9250 (66.79)    2,823.0623 (66.90)    0.6104 (30.59)    2,823.0280 (66.88)    0.8308 (30.89)         2;0   0.3542 (0.01)          5           1
-----------------------------------------------------------------------------------------------------------------------------------------------------------------------------------------------------------------------

Legend:
  Outliers: 1 Standard Deviation from Mean; 1.5 IQR (InterQuartile Range) from 1st Quartile and 3rd Quartile.
  OPS: Operations Per Second, computed as 1 / Mean
12 passed in 114.57s (0:01:54)

 Performance counter stats for 'system wide':

          2.767,24 Joules power/energy-pkg/                                           

     114,710074924 seconds time elapsed

