............                                                             [100%]

------------------------------------------------------------------------------------------------- benchmark: 12 tests --------------------------------------------------------------------------------------------------
Name (time in ms)                                  Min                   Max                  Mean            StdDev                Median                IQR            Outliers      OPS            Rounds  Iterations
------------------------------------------------------------------------------------------------------------------------------------------------------------------------------------------------------------------------
test_process_data_benchmark[1-1000000]         42.6107 (1.0)         43.4080 (1.0)         42.6918 (1.0)      0.1589 (2.03)        42.6601 (1.0)       0.0443 (1.0)           1;1  23.4237 (1.0)          23           1
test_process_data_benchmark[5-1000000]        275.6952 (6.47)       275.8641 (6.36)       275.7824 (6.46)     0.0784 (1.0)        275.8125 (6.47)      0.1433 (3.24)          3;0   3.6260 (0.15)          5           1
test_process_data_benchmark[4-1000000]        275.7113 (6.47)       275.9074 (6.36)       275.8199 (6.46)     0.0960 (1.22)       275.8748 (6.47)      0.1737 (3.93)          2;0   3.6256 (0.15)          5           1
test_process_data_benchmark[3-1000000]        275.7604 (6.47)       276.1563 (6.36)       275.9643 (6.46)     0.1695 (2.16)       276.0062 (6.47)      0.2954 (6.68)          2;0   3.6237 (0.15)          5           1
test_process_data_benchmark[2-1000000]        277.6782 (6.52)       278.0724 (6.41)       277.8514 (6.51)     0.1903 (2.43)       277.7863 (6.51)      0.3617 (8.17)          1;0   3.5990 (0.15)          5           1
test_process_data_benchmark[0-1000000]        279.5965 (6.56)       280.6057 (6.46)       279.8754 (6.56)     0.4140 (5.28)       279.7554 (6.56)      0.3294 (7.44)          1;1   3.5730 (0.15)          5           1
test_process_data_benchmark[1-10000000]       441.7343 (10.37)      446.8888 (10.30)      444.8412 (10.42)    2.7765 (35.43)      446.8396 (10.47)     5.0471 (114.06)        2;0   2.2480 (0.10)          5           1
test_process_data_benchmark[4-10000000]     2,770.8413 (65.03)    2,771.8532 (63.86)    2,771.4224 (64.92)    0.4657 (5.94)     2,771.6870 (64.97)     0.8017 (18.12)         1;0   0.3608 (0.02)          5           1
test_process_data_benchmark[5-10000000]     2,773.2499 (65.08)    2,775.3050 (63.94)    2,774.1804 (64.98)    0.8204 (10.47)    2,774.2526 (65.03)     1.2794 (28.91)         2;0   0.3605 (0.02)          5           1
test_process_data_benchmark[0-10000000]     2,774.8605 (65.12)    2,787.8494 (64.22)    2,782.5560 (65.18)    6.6578 (84.95)    2,787.1858 (65.33)    11.8738 (268.33)        2;0   0.3594 (0.02)          5           1
test_process_data_benchmark[3-10000000]     2,777.8918 (65.19)    2,778.9652 (64.02)    2,778.2525 (65.08)    0.4410 (5.63)     2,778.0493 (65.12)     0.5824 (13.16)         1;0   0.3599 (0.02)          5           1
test_process_data_benchmark[2-10000000]     2,789.7352 (65.47)    2,792.0572 (64.32)    2,790.7367 (65.37)    0.9557 (12.19)    2,790.8768 (65.42)     1.5183 (34.31)         2;0   0.3583 (0.02)          5           1
------------------------------------------------------------------------------------------------------------------------------------------------------------------------------------------------------------------------

Legend:
  Outliers: 1 Standard Deviation from Mean; 1.5 IQR (InterQuartile Range) from 1st Quartile and 3rd Quartile.
  OPS: Operations Per Second, computed as 1 / Mean
12 passed in 113.29s (0:01:53)

 Performance counter stats for 'system wide':

          2.805,03 Joules power/energy-pkg/                                           

     113,432610098 seconds time elapsed

