............                                                             [100%]

------------------------------------------------------------------------------------------------- benchmark: 12 tests -------------------------------------------------------------------------------------------------
Name (time in ms)                                  Min                   Max                  Mean            StdDev                Median               IQR            Outliers      OPS            Rounds  Iterations
-----------------------------------------------------------------------------------------------------------------------------------------------------------------------------------------------------------------------
test_process_data_benchmark[1-1000000]         42.1850 (1.0)         42.3017 (1.0)         42.2424 (1.0)      0.0298 (1.0)         42.2441 (1.0)      0.0383 (1.0)           6;0  23.6729 (1.0)          23           1
test_process_data_benchmark[2-1000000]        280.3713 (6.65)       280.5588 (6.63)       280.4605 (6.64)     0.0835 (2.80)       280.4845 (6.64)     0.1481 (3.87)          3;0   3.5656 (0.15)          5           1
test_process_data_benchmark[4-1000000]        281.1947 (6.67)       281.3786 (6.65)       281.3125 (6.66)     0.0826 (2.77)       281.3538 (6.66)     0.1365 (3.57)          1;0   3.5548 (0.15)          5           1
test_process_data_benchmark[3-1000000]        281.2432 (6.67)       281.3673 (6.65)       281.3093 (6.66)     0.0514 (1.72)       281.3211 (6.66)     0.0859 (2.24)          2;0   3.5548 (0.15)          5           1
test_process_data_benchmark[5-1000000]        283.8949 (6.73)       284.0463 (6.71)       283.9754 (6.72)     0.0686 (2.30)       284.0084 (6.72)     0.1196 (3.13)          2;0   3.5214 (0.15)          5           1
test_process_data_benchmark[0-1000000]        286.0053 (6.78)       286.7619 (6.78)       286.2819 (6.78)     0.3397 (11.38)      286.0865 (6.77)     0.5510 (14.40)         1;0   3.4931 (0.15)          5           1
test_process_data_benchmark[1-10000000]       444.6392 (10.54)      449.1669 (10.62)      446.4879 (10.57)    2.4312 (81.47)      444.8221 (10.53)    4.4734 (116.91)        2;0   2.2397 (0.09)          5           1
test_process_data_benchmark[2-10000000]     2,829.7550 (67.08)    2,831.9571 (66.95)    2,830.5694 (67.01)    0.8846 (29.64)    2,830.2698 (67.00)    1.2327 (32.22)         1;0   0.3533 (0.01)          5           1
test_process_data_benchmark[3-10000000]     2,831.2249 (67.11)    2,832.4782 (66.96)    2,831.9821 (67.04)    0.5605 (18.78)    2,832.2528 (67.04)    0.9531 (24.91)         1;0   0.3531 (0.01)          5           1
test_process_data_benchmark[0-10000000]     2,836.6398 (67.24)    2,837.9308 (67.09)    2,837.3221 (67.17)    0.4706 (15.77)    2,837.2647 (67.16)    0.5289 (13.82)         2;0   0.3524 (0.01)          5           1
test_process_data_benchmark[5-10000000]     2,848.0259 (67.51)    2,849.8817 (67.37)    2,848.8127 (67.44)    0.7550 (25.30)    2,848.8267 (67.44)    1.1945 (31.22)         2;0   0.3510 (0.01)          5           1
test_process_data_benchmark[4-10000000]     2,852.8781 (67.63)    2,854.8407 (67.49)    2,853.7813 (67.56)    0.8080 (27.08)    2,853.9362 (67.56)    1.3130 (34.31)         2;0   0.3504 (0.01)          5           1
-----------------------------------------------------------------------------------------------------------------------------------------------------------------------------------------------------------------------

Legend:
  Outliers: 1 Standard Deviation from Mean; 1.5 IQR (InterQuartile Range) from 1st Quartile and 3rd Quartile.
  OPS: Operations Per Second, computed as 1 / Mean
12 passed in 115.65s (0:01:55)

 Performance counter stats for 'system wide':

          2.821,06 Joules power/energy-pkg/                                           

     115,792532870 seconds time elapsed

