............                                                             [100%]

------------------------------------------------------------------------------------------------- benchmark: 12 tests --------------------------------------------------------------------------------------------------
Name (time in ms)                                  Min                   Max                  Mean            StdDev                Median                IQR            Outliers      OPS            Rounds  Iterations
------------------------------------------------------------------------------------------------------------------------------------------------------------------------------------------------------------------------
test_process_data_benchmark[1-1000000]         42.6366 (1.0)         42.7879 (1.0)         42.7059 (1.0)      0.0413 (2.09)        42.7009 (1.0)       0.0599 (2.83)          7;0  23.4160 (1.0)          23           1
test_process_data_benchmark[2-1000000]        278.4255 (6.53)       278.5326 (6.51)       278.4754 (6.52)     0.0481 (2.43)       278.4751 (6.52)      0.0891 (4.21)          2;0   3.5910 (0.15)          5           1
test_process_data_benchmark[4-1000000]        278.7229 (6.54)       279.4345 (6.53)       278.9086 (6.53)     0.2982 (15.06)      278.7651 (6.53)      0.2507 (11.84)         1;1   3.5854 (0.15)          5           1
test_process_data_benchmark[5-1000000]        279.0290 (6.54)       279.4585 (6.53)       279.1650 (6.54)     0.1691 (8.54)       279.1236 (6.54)      0.1459 (6.89)          1;1   3.5821 (0.15)          5           1
test_process_data_benchmark[0-1000000]        279.0662 (6.55)       282.0277 (6.59)       281.3894 (6.59)     1.2999 (65.65)      281.9187 (6.60)      0.8234 (38.88)         1;1   3.5538 (0.15)          5           1
test_process_data_benchmark[3-1000000]        280.3702 (6.58)       280.4371 (6.55)       280.3983 (6.57)     0.0265 (1.34)       280.3956 (6.57)      0.0400 (1.89)          2;0   3.5664 (0.15)          5           1
test_process_data_benchmark[1-10000000]       443.6163 (10.40)      443.6653 (10.37)      443.6314 (10.39)    0.0198 (1.0)        443.6243 (10.39)     0.0212 (1.0)           1;0   2.2541 (0.10)          5           1
test_process_data_benchmark[2-10000000]     2,787.0355 (65.37)    2,800.3826 (65.45)    2,794.5758 (65.44)    6.8848 (347.72)   2,798.6616 (65.54)    12.7979 (604.31)        2;0   0.3578 (0.02)          5           1
test_process_data_benchmark[0-10000000]     2,800.0920 (65.67)    2,801.0835 (65.46)    2,800.5263 (65.58)    0.3579 (18.08)    2,800.5165 (65.58)     0.3359 (15.86)         2;0   0.3571 (0.02)          5           1
test_process_data_benchmark[3-10000000]     2,805.7520 (65.81)    2,806.3463 (65.59)    2,806.0178 (65.71)    0.2932 (14.81)    2,805.8546 (65.71)     0.5362 (25.32)         2;0   0.3564 (0.02)          5           1
test_process_data_benchmark[5-10000000]     2,806.0840 (65.81)    2,807.0659 (65.60)    2,806.3228 (65.71)    0.4183 (21.13)    2,806.1589 (65.72)     0.3277 (15.47)         1;1   0.3563 (0.02)          5           1
test_process_data_benchmark[4-10000000]     2,806.4720 (65.82)    2,807.6748 (65.62)    2,806.9053 (65.73)    0.5255 (26.54)    2,806.6012 (65.73)     0.8114 (38.31)         1;0   0.3563 (0.02)          5           1
------------------------------------------------------------------------------------------------------------------------------------------------------------------------------------------------------------------------

Legend:
  Outliers: 1 Standard Deviation from Mean; 1.5 IQR (InterQuartile Range) from 1st Quartile and 3rd Quartile.
  OPS: Operations Per Second, computed as 1 / Mean
12 passed in 114.22s (0:01:54)

 Performance counter stats for 'system wide':

          2.790,10 Joules power/energy-pkg/                                           

     114,358198844 seconds time elapsed

