............                                                             [100%]

------------------------------------------------------------------------------------------------- benchmark: 12 tests -------------------------------------------------------------------------------------------------
Name (time in ms)                                  Min                   Max                  Mean            StdDev                Median               IQR            Outliers      OPS            Rounds  Iterations
-----------------------------------------------------------------------------------------------------------------------------------------------------------------------------------------------------------------------
test_process_data_benchmark[1-1000000]         42.4138 (1.0)         43.0979 (1.0)         42.7635 (1.0)      0.3041 (6.95)        43.0243 (1.0)      0.5793 (10.17)         9;0  23.3844 (1.0)          23           1
test_process_data_benchmark[3-1000000]        279.3937 (6.59)       279.4832 (6.48)       279.4431 (6.53)     0.0451 (1.03)       279.4619 (6.50)     0.0867 (1.52)          2;0   3.5785 (0.15)          5           1
test_process_data_benchmark[5-1000000]        280.0290 (6.60)       280.3653 (6.51)       280.1880 (6.55)     0.1343 (3.07)       280.1320 (6.51)     0.1981 (3.48)          2;0   3.5690 (0.15)          5           1
test_process_data_benchmark[2-1000000]        280.0949 (6.60)       280.9468 (6.52)       280.3042 (6.55)     0.3624 (8.28)       280.1549 (6.51)     0.2956 (5.19)          1;1   3.5676 (0.15)          5           1
test_process_data_benchmark[4-1000000]        280.8145 (6.62)       280.9169 (6.52)       280.8861 (6.57)     0.0437 (1.0)        280.9096 (6.53)     0.0570 (1.0)           1;0   3.5602 (0.15)          5           1
test_process_data_benchmark[0-1000000]        282.7468 (6.67)       284.6762 (6.61)       283.4330 (6.63)     0.8036 (18.37)      283.1739 (6.58)     1.1979 (21.03)         1;0   3.5282 (0.15)          5           1
test_process_data_benchmark[1-10000000]       440.3743 (10.38)      446.0597 (10.35)      442.6917 (10.35)    3.0378 (69.45)      440.6176 (10.24)    5.5802 (97.97)         2;0   2.2589 (0.10)          5           1
test_process_data_benchmark[2-10000000]     2,811.1888 (66.28)    2,812.1673 (65.25)    2,811.6138 (65.75)    0.4277 (9.78)     2,811.4547 (65.35)    0.7409 (13.01)         1;0   0.3557 (0.02)          5           1
test_process_data_benchmark[5-10000000]     2,814.2786 (66.35)    2,816.1173 (65.34)    2,815.1615 (65.83)    0.8268 (18.90)    2,815.3141 (65.44)    1.5165 (26.62)         2;0   0.3552 (0.02)          5           1
test_process_data_benchmark[4-10000000]     2,815.5808 (66.38)    2,816.6634 (65.35)    2,816.0817 (65.85)    0.4635 (10.60)    2,816.1980 (65.46)    0.7873 (13.82)         2;0   0.3551 (0.02)          5           1
test_process_data_benchmark[3-10000000]     2,832.3853 (66.78)    2,833.3348 (65.74)    2,833.0223 (66.25)    0.3842 (8.78)     2,833.1644 (65.85)    0.4753 (8.34)          1;0   0.3530 (0.02)          5           1
test_process_data_benchmark[0-10000000]     2,833.7830 (66.81)    2,834.6370 (65.77)    2,834.0326 (66.27)    0.3478 (7.95)     2,833.9513 (65.87)    0.3308 (5.81)          1;1   0.3529 (0.02)          5           1
-----------------------------------------------------------------------------------------------------------------------------------------------------------------------------------------------------------------------

Legend:
  Outliers: 1 Standard Deviation from Mean; 1.5 IQR (InterQuartile Range) from 1st Quartile and 3rd Quartile.
  OPS: Operations Per Second, computed as 1 / Mean
12 passed in 114.85s (0:01:54)

 Performance counter stats for 'system wide':

          2.877,84 Joules power/energy-pkg/                                           

     114,991054930 seconds time elapsed

