............                                                             [100%]

------------------------------------------------------------------------------------------------- benchmark: 12 tests -------------------------------------------------------------------------------------------------
Name (time in ms)                                  Min                   Max                  Mean            StdDev                Median               IQR            Outliers      OPS            Rounds  Iterations
-----------------------------------------------------------------------------------------------------------------------------------------------------------------------------------------------------------------------
test_process_data_benchmark[1-1000000]         42.6450 (1.0)         42.7377 (1.0)         42.6944 (1.0)      0.0247 (1.02)        42.6967 (1.0)      0.0430 (1.29)          8;0  23.4223 (1.0)          23           1
test_process_data_benchmark[3-1000000]        277.2984 (6.50)       277.3853 (6.49)       277.3542 (6.50)     0.0386 (1.60)       277.3750 (6.50)     0.0621 (1.86)          1;0   3.6055 (0.15)          5           1
test_process_data_benchmark[2-1000000]        277.9141 (6.52)       277.9768 (6.50)       277.9475 (6.51)     0.0242 (1.0)        277.9562 (6.51)     0.0334 (1.0)           2;0   3.5978 (0.15)          5           1
test_process_data_benchmark[5-1000000]        278.9061 (6.54)       279.1001 (6.53)       279.0135 (6.54)     0.0850 (3.52)       279.0558 (6.54)     0.1427 (4.27)          2;0   3.5841 (0.15)          5           1
test_process_data_benchmark[4-1000000]        279.0499 (6.54)       279.8315 (6.55)       279.3485 (6.54)     0.3224 (13.34)      279.3733 (6.54)     0.4777 (14.30)         1;0   3.5798 (0.15)          5           1
test_process_data_benchmark[0-1000000]        281.3698 (6.60)       283.0622 (6.62)       282.0356 (6.61)     0.6591 (27.26)      282.0727 (6.61)     0.8474 (25.36)         2;0   3.5457 (0.15)          5           1
test_process_data_benchmark[1-10000000]       443.7443 (10.41)      444.2057 (10.39)      444.0333 (10.40)    0.1884 (7.79)       444.0489 (10.40)    0.2774 (8.30)          1;0   2.2521 (0.10)          5           1
test_process_data_benchmark[2-10000000]     2,793.3092 (65.50)    2,794.6967 (65.39)    2,793.8649 (65.44)    0.5578 (23.07)    2,793.8750 (65.44)    0.8247 (24.68)         1;0   0.3579 (0.02)          5           1
test_process_data_benchmark[5-10000000]     2,798.6278 (65.63)    2,803.1763 (65.59)    2,801.2101 (65.61)    2.3082 (95.48)    2,802.2812 (65.63)    4.4110 (132.01)        2;0   0.3570 (0.02)          5           1
test_process_data_benchmark[0-10000000]     2,801.8439 (65.70)    2,803.3061 (65.59)    2,802.3694 (65.64)    0.6249 (25.85)    2,802.1225 (65.63)    0.9786 (29.29)         1;0   0.3568 (0.02)          5           1
test_process_data_benchmark[4-10000000]     2,803.5082 (65.74)    2,805.0254 (65.63)    2,804.4398 (65.69)    0.5598 (23.15)    2,804.5603 (65.69)    0.4332 (12.97)         2;1   0.3566 (0.02)          5           1
test_process_data_benchmark[3-10000000]     2,805.5471 (65.79)    2,807.1481 (65.68)    2,806.2635 (65.73)    0.6277 (25.96)    2,806.0375 (65.72)    0.9060 (27.11)         2;0   0.3563 (0.02)          5           1
-----------------------------------------------------------------------------------------------------------------------------------------------------------------------------------------------------------------------

Legend:
  Outliers: 1 Standard Deviation from Mean; 1.5 IQR (InterQuartile Range) from 1st Quartile and 3rd Quartile.
  OPS: Operations Per Second, computed as 1 / Mean
12 passed in 114.12s (0:01:54)

 Performance counter stats for 'system wide':

          2.829,71 Joules power/energy-pkg/                                           

     114,265686315 seconds time elapsed

