............                                                             [100%]

-------------------------------------------------------------------------------------------------- benchmark: 12 tests --------------------------------------------------------------------------------------------------
Name (time in ms)                                  Min                   Max                  Mean             StdDev                Median                IQR            Outliers      OPS            Rounds  Iterations
-------------------------------------------------------------------------------------------------------------------------------------------------------------------------------------------------------------------------
test_process_data_benchmark[1-1000000]         42.6415 (1.0)         42.7874 (1.0)         42.6828 (1.0)       0.0355 (1.0)         42.6786 (1.0)       0.0429 (1.0)           4;1  23.4287 (1.0)          23           1
test_process_data_benchmark[2-1000000]        276.9160 (6.49)       291.5361 (6.81)       285.3451 (6.69)      7.6960 (216.52)     290.3291 (6.80)     14.2044 (331.35)        2;0   3.5045 (0.15)          5           1
test_process_data_benchmark[0-1000000]        277.7708 (6.51)       286.2318 (6.69)       283.2249 (6.64)      3.5875 (100.93)     284.5415 (6.67)      5.5227 (128.83)        1;0   3.5308 (0.15)          5           1
test_process_data_benchmark[5-1000000]        277.7804 (6.51)       278.3111 (6.50)       277.9380 (6.51)      0.2132 (6.00)       277.8500 (6.51)      0.1783 (4.16)          1;1   3.5979 (0.15)          5           1
test_process_data_benchmark[4-1000000]        278.0730 (6.52)       291.0639 (6.80)       282.0231 (6.61)      5.3457 (150.39)     279.2145 (6.54)      5.9463 (138.71)        1;0   3.5458 (0.15)          5           1
test_process_data_benchmark[3-1000000]        282.1381 (6.62)       293.7558 (6.87)       287.5165 (6.74)      5.2251 (147.00)     287.6449 (6.74)      9.6831 (225.88)        2;0   3.4781 (0.15)          5           1
test_process_data_benchmark[1-10000000]       443.2235 (10.39)      448.7331 (10.49)      446.5196 (10.46)     2.9673 (83.48)      448.6128 (10.51)     5.4250 (126.55)        2;0   2.2395 (0.10)          5           1
test_process_data_benchmark[0-10000000]     2,789.8547 (65.43)    2,822.5884 (65.97)    2,808.5394 (65.80)    13.4517 (378.44)   2,805.8531 (65.74)    20.8792 (487.06)        2;0   0.3561 (0.02)          5           1
test_process_data_benchmark[2-10000000]     2,790.2034 (65.43)    2,808.0040 (65.63)    2,797.8345 (65.55)     7.4755 (210.31)   2,799.3681 (65.59)    12.0424 (280.92)        2;0   0.3574 (0.02)          5           1
test_process_data_benchmark[4-10000000]     2,794.5162 (65.54)    2,807.8262 (65.62)    2,799.9160 (65.60)     5.0122 (141.01)   2,798.8997 (65.58)     6.0549 (141.24)        2;0   0.3572 (0.02)          5           1
test_process_data_benchmark[3-10000000]     2,797.1752 (65.60)    2,809.3588 (65.66)    2,800.8154 (65.62)     5.1345 (144.45)   2,798.2081 (65.56)     6.3626 (148.42)        1;0   0.3570 (0.02)          5           1
test_process_data_benchmark[5-10000000]     2,798.1608 (65.62)    2,800.1169 (65.44)    2,799.0987 (65.58)     0.8350 (23.49)    2,798.8563 (65.58)     1.4381 (33.55)         2;0   0.3573 (0.02)          5           1
-------------------------------------------------------------------------------------------------------------------------------------------------------------------------------------------------------------------------

Legend:
  Outliers: 1 Standard Deviation from Mean; 1.5 IQR (InterQuartile Range) from 1st Quartile and 3rd Quartile.
  OPS: Operations Per Second, computed as 1 / Mean
12 passed in 114.27s (0:01:54)

 Performance counter stats for 'system wide':

          2.836,81 Joules power/energy-pkg/                                           

     114,407140398 seconds time elapsed

