............                                                             [100%]

------------------------------------------------------------------------------------------------- benchmark: 12 tests -------------------------------------------------------------------------------------------------
Name (time in ms)                                  Min                   Max                  Mean            StdDev                Median               IQR            Outliers      OPS            Rounds  Iterations
-----------------------------------------------------------------------------------------------------------------------------------------------------------------------------------------------------------------------
test_process_data_benchmark[1-1000000]         42.3375 (1.0)         42.6262 (1.0)         42.4635 (1.0)      0.0808 (4.57)        42.4909 (1.0)      0.1388 (11.36)         5;0  23.5496 (1.0)          23           1
test_process_data_benchmark[5-1000000]        277.2047 (6.55)       277.2588 (6.50)       277.2177 (6.53)     0.0232 (1.31)       277.2065 (6.52)     0.0183 (1.50)          1;1   3.6073 (0.15)          5           1
test_process_data_benchmark[4-1000000]        277.4308 (6.55)       277.4715 (6.51)       277.4400 (6.53)     0.0177 (1.0)        277.4323 (6.53)     0.0122 (1.0)           1;1   3.6044 (0.15)          5           1
test_process_data_benchmark[2-1000000]        277.6381 (6.56)       277.7311 (6.52)       277.6881 (6.54)     0.0406 (2.30)       277.6885 (6.54)     0.0734 (6.00)          2;0   3.6012 (0.15)          5           1
test_process_data_benchmark[3-1000000]        277.8394 (6.56)       277.9226 (6.52)       277.8688 (6.54)     0.0317 (1.79)       277.8622 (6.54)     0.0288 (2.36)          1;0   3.5988 (0.15)          5           1
test_process_data_benchmark[0-1000000]        283.3578 (6.69)       284.3500 (6.67)       283.5943 (6.68)     0.4249 (24.03)      283.4031 (6.67)     0.3204 (26.20)         1;1   3.5262 (0.15)          5           1
test_process_data_benchmark[1-10000000]       444.5956 (10.50)      445.1365 (10.44)      444.8936 (10.48)    0.2312 (13.08)      444.9746 (10.47)    0.3931 (32.16)         2;0   2.2477 (0.10)          5           1
test_process_data_benchmark[5-10000000]     2,795.2275 (66.02)    2,796.4133 (65.60)    2,795.5932 (65.84)    0.4702 (26.60)    2,795.4737 (65.79)    0.3905 (31.94)         1;1   0.3577 (0.02)          5           1
test_process_data_benchmark[3-10000000]     2,800.9016 (66.16)    2,802.0093 (65.73)    2,801.4903 (65.97)    0.5432 (30.73)    2,801.5845 (65.93)    1.0672 (87.28)         1;0   0.3570 (0.02)          5           1
test_process_data_benchmark[2-10000000]     2,801.1038 (66.16)    2,802.4478 (65.74)    2,801.7472 (65.98)    0.4791 (27.10)    2,801.7398 (65.94)    0.4521 (36.98)         2;0   0.3569 (0.02)          5           1
test_process_data_benchmark[4-10000000]     2,802.5388 (66.20)    2,804.0656 (65.78)    2,803.1849 (66.01)    0.5800 (32.81)    2,803.2227 (65.97)    0.7401 (60.53)         2;0   0.3567 (0.02)          5           1
test_process_data_benchmark[0-10000000]     2,808.5911 (66.34)    2,816.1956 (66.07)    2,811.8300 (66.22)    3.9411 (222.94)   2,809.5211 (66.12)    7.3665 (602.51)        2;0   0.3556 (0.02)          5           1
-----------------------------------------------------------------------------------------------------------------------------------------------------------------------------------------------------------------------

Legend:
  Outliers: 1 Standard Deviation from Mean; 1.5 IQR (InterQuartile Range) from 1st Quartile and 3rd Quartile.
  OPS: Operations Per Second, computed as 1 / Mean
12 passed in 114.16s (0:01:54)

 Performance counter stats for 'system wide':

          2.852,09 Joules power/energy-pkg/                                           

     114,301868392 seconds time elapsed

