............                                                             [100%]

------------------------------------------------------------------------------------------------- benchmark: 12 tests -------------------------------------------------------------------------------------------------
Name (time in ms)                                  Min                   Max                  Mean            StdDev                Median               IQR            Outliers      OPS            Rounds  Iterations
-----------------------------------------------------------------------------------------------------------------------------------------------------------------------------------------------------------------------
test_process_data_benchmark[1-1000000]         42.3343 (1.0)         42.8996 (1.0)         42.5994 (1.0)      0.2497 (13.60)       42.4106 (1.0)      0.4877 (16.74)         8;0  23.4745 (1.0)          23           1
test_process_data_benchmark[2-1000000]        276.7702 (6.54)       276.9025 (6.45)       276.8179 (6.50)     0.0538 (2.93)       276.7976 (6.53)     0.0757 (2.60)          1;0   3.6125 (0.15)          5           1
test_process_data_benchmark[3-1000000]        277.0715 (6.54)       277.2506 (6.46)       277.1606 (6.51)     0.0755 (4.11)       277.1577 (6.54)     0.1321 (4.53)          2;0   3.6080 (0.15)          5           1
test_process_data_benchmark[5-1000000]        277.1426 (6.55)       277.1882 (6.46)       277.1641 (6.51)     0.0184 (1.0)        277.1595 (6.54)     0.0291 (1.0)           2;0   3.6080 (0.15)          5           1
test_process_data_benchmark[4-1000000]        277.2128 (6.55)       277.3249 (6.46)       277.2699 (6.51)     0.0433 (2.36)       277.2672 (6.54)     0.0646 (2.22)          2;0   3.6066 (0.15)          5           1
test_process_data_benchmark[0-1000000]        280.1093 (6.62)       281.3896 (6.56)       280.5033 (6.58)     0.5127 (27.92)      280.3313 (6.61)     0.5025 (17.25)         1;0   3.5650 (0.15)          5           1
test_process_data_benchmark[1-10000000]       445.4905 (10.52)      446.1221 (10.40)      445.7062 (10.46)    0.2825 (15.39)      445.5292 (10.51)    0.4350 (14.93)         1;0   2.2436 (0.10)          5           1
test_process_data_benchmark[4-10000000]     2,792.4080 (65.96)    2,795.5934 (65.17)    2,794.0149 (65.59)    1.4249 (77.59)    2,794.6597 (65.90)    2.4537 (84.21)         2;0   0.3579 (0.02)          5           1
test_process_data_benchmark[0-10000000]     2,792.5014 (65.96)    2,793.6442 (65.12)    2,792.9733 (65.56)    0.4229 (23.03)    2,792.8687 (65.85)    0.4602 (15.79)         2;0   0.3580 (0.02)          5           1
test_process_data_benchmark[3-10000000]     2,792.9513 (65.97)    2,793.9741 (65.13)    2,793.5039 (65.58)    0.4194 (22.84)    2,793.5620 (65.87)    0.6976 (23.94)         2;0   0.3580 (0.02)          5           1
test_process_data_benchmark[5-10000000]     2,795.6008 (66.04)    2,796.7269 (65.19)    2,796.1179 (65.64)    0.4918 (26.78)    2,795.9805 (65.93)    0.8713 (29.90)         2;0   0.3576 (0.02)          5           1
test_process_data_benchmark[2-10000000]     2,797.6455 (66.08)    2,798.8068 (65.24)    2,798.1363 (65.68)    0.4957 (26.99)    2,798.2144 (65.98)    0.8239 (28.28)         1;0   0.3574 (0.02)          5           1
-----------------------------------------------------------------------------------------------------------------------------------------------------------------------------------------------------------------------

Legend:
  Outliers: 1 Standard Deviation from Mean; 1.5 IQR (InterQuartile Range) from 1st Quartile and 3rd Quartile.
  OPS: Operations Per Second, computed as 1 / Mean
12 passed in 113.92s (0:01:53)

 Performance counter stats for 'system wide':

          2.751,18 Joules power/energy-pkg/                                           

     114,064595297 seconds time elapsed

