............                                                             [100%]

------------------------------------------------------------------------------------------------- benchmark: 12 tests -------------------------------------------------------------------------------------------------
Name (time in ms)                                  Min                   Max                  Mean            StdDev                Median               IQR            Outliers      OPS            Rounds  Iterations
-----------------------------------------------------------------------------------------------------------------------------------------------------------------------------------------------------------------------
test_process_data_benchmark[1-1000000]         42.5714 (1.0)         42.7535 (1.0)         42.6455 (1.0)      0.0450 (1.0)         42.6470 (1.0)      0.0695 (1.0)           8;0  23.4491 (1.0)          23           1
test_process_data_benchmark[4-1000000]        277.9691 (6.53)       278.5313 (6.51)       278.2374 (6.52)     0.2719 (6.04)       278.1078 (6.52)     0.5005 (7.20)          2;0   3.5941 (0.15)          5           1
test_process_data_benchmark[5-1000000]        278.2202 (6.54)       278.9291 (6.52)       278.3901 (6.53)     0.3033 (6.74)       278.2859 (6.53)     0.2307 (3.32)          1;1   3.5921 (0.15)          5           1
test_process_data_benchmark[2-1000000]        278.2779 (6.54)       278.7921 (6.52)       278.4828 (6.53)     0.2310 (5.13)       278.3810 (6.53)     0.4000 (5.76)          1;0   3.5909 (0.15)          5           1
test_process_data_benchmark[3-1000000]        278.7038 (6.55)       278.9086 (6.52)       278.8000 (6.54)     0.0849 (1.89)       278.7997 (6.54)     0.1442 (2.08)          2;0   3.5868 (0.15)          5           1
test_process_data_benchmark[0-1000000]        279.9396 (6.58)       280.8645 (6.57)       280.5278 (6.58)     0.3485 (7.74)       280.5967 (6.58)     0.3065 (4.41)          1;1   3.5647 (0.15)          5           1
test_process_data_benchmark[1-10000000]       441.2893 (10.37)      447.1216 (10.46)      444.5451 (10.42)    2.9733 (66.04)      446.4553 (10.47)    5.3863 (77.51)         2;0   2.2495 (0.10)          5           1
test_process_data_benchmark[2-10000000]     2,791.5143 (65.57)    2,796.9838 (65.42)    2,794.5379 (65.53)    2.4933 (55.38)    2,795.6682 (65.55)    4.4252 (63.68)         1;0   0.3578 (0.02)          5           1
test_process_data_benchmark[5-10000000]     2,793.2160 (65.61)    2,794.4183 (65.36)    2,793.7850 (65.51)    0.4659 (10.35)    2,793.7715 (65.51)    0.7004 (10.08)         2;0   0.3579 (0.02)          5           1
test_process_data_benchmark[3-10000000]     2,793.6185 (65.62)    2,795.4115 (65.38)    2,794.4632 (65.53)    0.7557 (16.79)    2,794.6322 (65.53)    1.2740 (18.33)         2;0   0.3579 (0.02)          5           1
test_process_data_benchmark[0-10000000]     2,794.4739 (65.64)    2,796.6509 (65.41)    2,795.7219 (65.56)    0.8731 (19.39)    2,795.8444 (65.56)    1.3622 (19.60)         2;0   0.3577 (0.02)          5           1
test_process_data_benchmark[4-10000000]     2,796.2525 (65.68)    2,798.5520 (65.46)    2,797.5754 (65.60)    0.8769 (19.48)    2,797.4980 (65.60)    1.1325 (16.30)         2;0   0.3575 (0.02)          5           1
-----------------------------------------------------------------------------------------------------------------------------------------------------------------------------------------------------------------------

Legend:
  Outliers: 1 Standard Deviation from Mean; 1.5 IQR (InterQuartile Range) from 1st Quartile and 3rd Quartile.
  OPS: Operations Per Second, computed as 1 / Mean
12 passed in 113.89s (0:01:53)

 Performance counter stats for 'system wide':

          2.884,08 Joules power/energy-pkg/                                           

     114,032347570 seconds time elapsed

