............                                                             [100%]

------------------------------------------------------------------------------------------------- benchmark: 12 tests -------------------------------------------------------------------------------------------------
Name (time in ms)                                  Min                   Max                  Mean            StdDev                Median               IQR            Outliers      OPS            Rounds  Iterations
-----------------------------------------------------------------------------------------------------------------------------------------------------------------------------------------------------------------------
test_process_data_benchmark[1-1000000]         42.3250 (1.0)         42.4325 (1.0)         42.3732 (1.0)      0.0291 (5.24)        42.3700 (1.0)      0.0475 (6.11)          8;0  23.5998 (1.0)          23           1
test_process_data_benchmark[4-1000000]        277.8377 (6.56)       278.0752 (6.55)       277.9159 (6.56)     0.0936 (16.85)      277.8803 (6.56)     0.0964 (12.41)         1;0   3.5982 (0.15)          5           1
test_process_data_benchmark[5-1000000]        277.8479 (6.56)       278.6300 (6.57)       278.0596 (6.56)     0.3220 (57.99)      277.9487 (6.56)     0.2385 (30.68)         1;1   3.5964 (0.15)          5           1
test_process_data_benchmark[3-1000000]        278.1470 (6.57)       278.1605 (6.56)       278.1517 (6.56)     0.0056 (1.0)        278.1505 (6.56)     0.0078 (1.0)           1;0   3.5952 (0.15)          5           1
test_process_data_benchmark[2-1000000]        279.9931 (6.62)       280.0851 (6.60)       280.0517 (6.61)     0.0374 (6.73)       280.0571 (6.61)     0.0532 (6.84)          1;0   3.5708 (0.15)          5           1
test_process_data_benchmark[0-1000000]        282.0837 (6.66)       285.4165 (6.73)       283.4946 (6.69)     1.3393 (241.21)     283.7636 (6.70)     1.9527 (251.18)        2;0   3.5274 (0.15)          5           1
test_process_data_benchmark[1-10000000]       445.5503 (10.53)      446.3552 (10.52)      445.7640 (10.52)    0.3339 (60.13)      445.6204 (10.52)    0.2579 (33.18)         1;1   2.2433 (0.10)          5           1
test_process_data_benchmark[4-10000000]     2,799.9471 (66.15)    2,801.6012 (66.02)    2,800.5273 (66.09)    0.6972 (125.56)   2,800.2541 (66.09)    1.0458 (134.52)        1;0   0.3571 (0.02)          5           1
test_process_data_benchmark[3-10000000]     2,801.2537 (66.18)    2,801.9959 (66.03)    2,801.4949 (66.11)    0.2934 (52.85)    2,801.3856 (66.12)    0.3014 (38.77)         1;0   0.3570 (0.02)          5           1
test_process_data_benchmark[5-10000000]     2,801.6450 (66.19)    2,802.8554 (66.05)    2,802.0769 (66.13)    0.4911 (88.44)    2,802.0702 (66.13)    0.6609 (85.02)         1;0   0.3569 (0.02)          5           1
test_process_data_benchmark[0-10000000]     2,804.7147 (66.27)    2,812.7200 (66.29)    2,808.1618 (66.27)    3.7166 (669.36)   2,805.9051 (66.22)    6.3545 (817.39)        1;0   0.3561 (0.02)          5           1
test_process_data_benchmark[2-10000000]     2,820.3958 (66.64)    2,821.5094 (66.49)    2,820.7640 (66.57)    0.4424 (79.67)    2,820.5658 (66.57)    0.4802 (61.77)         1;0   0.3545 (0.02)          5           1
-----------------------------------------------------------------------------------------------------------------------------------------------------------------------------------------------------------------------

Legend:
  Outliers: 1 Standard Deviation from Mean; 1.5 IQR (InterQuartile Range) from 1st Quartile and 3rd Quartile.
  OPS: Operations Per Second, computed as 1 / Mean
12 passed in 114.36s (0:01:54)

 Performance counter stats for 'system wide':

          2.897,17 Joules power/energy-pkg/                                           

     114,498511376 seconds time elapsed

