............                                                             [100%]

------------------------------------------------------------------------------------------------- benchmark: 12 tests -------------------------------------------------------------------------------------------------
Name (time in ms)                                  Min                   Max                  Mean            StdDev                Median               IQR            Outliers      OPS            Rounds  Iterations
-----------------------------------------------------------------------------------------------------------------------------------------------------------------------------------------------------------------------
test_process_data_benchmark[1-1000000]         42.6352 (1.0)         43.4011 (1.0)         42.7015 (1.0)      0.1582 (6.05)        42.6523 (1.0)      0.0370 (1.68)          1;3  23.4184 (1.0)          23           1
test_process_data_benchmark[2-1000000]        276.4415 (6.48)       276.5255 (6.37)       276.4695 (6.47)     0.0335 (1.28)       276.4615 (6.48)     0.0392 (1.79)          1;0   3.6170 (0.15)          5           1
test_process_data_benchmark[3-1000000]        276.4530 (6.48)       277.1768 (6.39)       276.8815 (6.48)     0.3889 (14.87)      277.1586 (6.50)     0.7083 (32.22)         2;0   3.6117 (0.15)          5           1
test_process_data_benchmark[0-1000000]        276.4600 (6.48)       277.5256 (6.39)       277.0759 (6.49)     0.5571 (21.29)      277.4361 (6.50)     1.0249 (46.62)         2;0   3.6091 (0.15)          5           1
test_process_data_benchmark[4-1000000]        276.5474 (6.49)       276.6083 (6.37)       276.5937 (6.48)     0.0262 (1.0)        276.6058 (6.49)     0.0220 (1.0)           1;1   3.6154 (0.15)          5           1
test_process_data_benchmark[5-1000000]        276.5897 (6.49)       276.6798 (6.37)       276.6202 (6.48)     0.0359 (1.37)       276.6092 (6.49)     0.0430 (1.96)          1;0   3.6151 (0.15)          5           1
test_process_data_benchmark[1-10000000]       441.2545 (10.35)      441.4870 (10.17)      441.3887 (10.34)    0.0934 (3.57)       441.4150 (10.35)    0.1433 (6.52)          2;0   2.2656 (0.10)          5           1
test_process_data_benchmark[4-10000000]     2,777.0225 (65.13)    2,778.2589 (64.01)    2,777.3458 (65.04)    0.5160 (19.72)    2,777.1789 (65.11)    0.4135 (18.81)         1;1   0.3601 (0.02)          5           1
test_process_data_benchmark[2-10000000]     2,777.5885 (65.15)    2,778.6687 (64.02)    2,778.0266 (65.06)    0.4138 (15.81)    2,777.9216 (65.13)    0.5398 (24.56)         2;0   0.3600 (0.02)          5           1
test_process_data_benchmark[5-10000000]     2,777.7208 (65.15)    2,779.1620 (64.03)    2,778.4485 (65.07)    0.5460 (20.87)    2,778.5934 (65.15)    0.7343 (33.41)         2;0   0.3599 (0.02)          5           1
test_process_data_benchmark[3-10000000]     2,780.6176 (65.22)    2,781.4434 (64.09)    2,780.9346 (65.12)    0.3349 (12.80)    2,780.8337 (65.20)    0.4968 (22.60)         1;0   0.3596 (0.02)          5           1
test_process_data_benchmark[0-10000000]     2,803.0509 (65.74)    2,805.1333 (64.63)    2,804.0555 (65.67)    0.7599 (29.04)    2,804.0073 (65.74)    0.9117 (41.48)         2;0   0.3566 (0.02)          5           1
-----------------------------------------------------------------------------------------------------------------------------------------------------------------------------------------------------------------------

Legend:
  Outliers: 1 Standard Deviation from Mean; 1.5 IQR (InterQuartile Range) from 1st Quartile and 3rd Quartile.
  OPS: Operations Per Second, computed as 1 / Mean
12 passed in 113.39s (0:01:53)

 Performance counter stats for 'system wide':

          2.837,66 Joules power/energy-pkg/                                           

     113,530345311 seconds time elapsed

