............                                                             [100%]

------------------------------------------------------------------------------------------------- benchmark: 12 tests -------------------------------------------------------------------------------------------------
Name (time in ms)                                  Min                   Max                  Mean            StdDev                Median               IQR            Outliers      OPS            Rounds  Iterations
-----------------------------------------------------------------------------------------------------------------------------------------------------------------------------------------------------------------------
test_process_data_benchmark[1-1000000]         42.7962 (1.0)         42.9973 (1.0)         42.8484 (1.0)      0.0418 (1.30)        42.8392 (1.0)      0.0424 (1.0)           4;1  23.3381 (1.0)          23           1
test_process_data_benchmark[4-1000000]        276.0026 (6.45)       276.8420 (6.44)       276.2234 (6.45)     0.3504 (10.88)      276.0759 (6.44)     0.2961 (6.98)          1;1   3.6203 (0.16)          5           1
test_process_data_benchmark[5-1000000]        276.0273 (6.45)       276.1903 (6.42)       276.0904 (6.44)     0.0710 (2.20)       276.0646 (6.44)     0.1194 (2.81)          1;0   3.6220 (0.16)          5           1
test_process_data_benchmark[3-1000000]        277.7315 (6.49)       277.8103 (6.46)       277.7673 (6.48)     0.0322 (1.0)        277.7709 (6.48)     0.0523 (1.23)          2;0   3.6001 (0.15)          5           1
test_process_data_benchmark[2-1000000]        278.1726 (6.50)       278.3112 (6.47)       278.2255 (6.49)     0.0522 (1.62)       278.2192 (6.49)     0.0554 (1.31)          2;0   3.5942 (0.15)          5           1
test_process_data_benchmark[0-1000000]        279.7947 (6.54)       281.4496 (6.55)       280.5352 (6.55)     0.6721 (20.86)      280.6999 (6.55)     1.0303 (24.28)         2;0   3.5646 (0.15)          5           1
test_process_data_benchmark[1-10000000]       447.2020 (10.45)      452.3150 (10.52)      450.2421 (10.51)    2.6947 (83.64)      452.1545 (10.55)    4.8599 (114.53)        2;0   2.2210 (0.10)          5           1
test_process_data_benchmark[3-10000000]     2,773.6215 (64.81)    2,774.9212 (64.54)    2,774.2202 (64.75)    0.4708 (14.61)    2,774.2405 (64.76)    0.5051 (11.90)         2;0   0.3605 (0.02)          5           1
test_process_data_benchmark[4-10000000]     2,776.0796 (64.87)    2,777.3751 (64.59)    2,776.9644 (64.81)    0.5428 (16.85)    2,777.1922 (64.83)    0.7276 (17.15)         1;0   0.3601 (0.02)          5           1
test_process_data_benchmark[5-10000000]     2,779.2394 (64.94)    2,780.5264 (64.67)    2,779.7250 (64.87)    0.4964 (15.41)    2,779.6199 (64.88)    0.6108 (14.39)         1;0   0.3597 (0.02)          5           1
test_process_data_benchmark[0-10000000]     2,783.5345 (65.04)    2,792.1823 (64.94)    2,787.0523 (65.04)    4.3465 (134.91)   2,784.6177 (65.00)    8.0304 (189.25)        1;0   0.3588 (0.02)          5           1
test_process_data_benchmark[2-10000000]     2,796.1565 (65.34)    2,798.8082 (65.09)    2,797.5171 (65.29)    1.1013 (34.18)    2,797.1112 (65.29)    1.7529 (41.31)         2;0   0.3575 (0.02)          5           1
-----------------------------------------------------------------------------------------------------------------------------------------------------------------------------------------------------------------------

Legend:
  Outliers: 1 Standard Deviation from Mean; 1.5 IQR (InterQuartile Range) from 1st Quartile and 3rd Quartile.
  OPS: Operations Per Second, computed as 1 / Mean
12 passed in 113.50s (0:01:53)

 Performance counter stats for 'system wide':

          2.830,28 Joules power/energy-pkg/                                           

     113,642649642 seconds time elapsed

