............                                                             [100%]

------------------------------------------------------------------------------------------------- benchmark: 12 tests --------------------------------------------------------------------------------------------------
Name (time in ms)                                  Min                   Max                  Mean            StdDev                Median                IQR            Outliers      OPS            Rounds  Iterations
------------------------------------------------------------------------------------------------------------------------------------------------------------------------------------------------------------------------
test_process_data_benchmark[1-1000000]         42.1705 (1.0)         42.2771 (1.0)         42.2294 (1.0)      0.0290 (1.31)        42.2277 (1.0)       0.0468 (1.98)          9;0  23.6802 (1.0)          23           1
test_process_data_benchmark[3-1000000]        279.4418 (6.63)       279.5027 (6.61)       279.4688 (6.62)     0.0222 (1.0)        279.4689 (6.62)      0.0236 (1.0)           2;0   3.5782 (0.15)          5           1
test_process_data_benchmark[5-1000000]        281.0310 (6.66)       281.7832 (6.67)       281.1923 (6.66)     0.3305 (14.92)      281.0544 (6.66)      0.2010 (8.53)          1;1   3.5563 (0.15)          5           1
test_process_data_benchmark[2-1000000]        281.3569 (6.67)       281.4302 (6.66)       281.3997 (6.66)     0.0322 (1.45)       281.4106 (6.66)      0.0560 (2.38)          1;0   3.5537 (0.15)          5           1
test_process_data_benchmark[4-1000000]        282.0834 (6.69)       282.2638 (6.68)       282.1451 (6.68)     0.0711 (3.21)       282.1364 (6.68)      0.0795 (3.37)          1;0   3.5443 (0.15)          5           1
test_process_data_benchmark[0-1000000]        283.3564 (6.72)       298.7952 (7.07)       290.6920 (6.88)     7.4601 (336.70)     286.3620 (6.78)     13.2298 (561.37)        2;0   3.4401 (0.15)          5           1
test_process_data_benchmark[1-10000000]       444.2815 (10.54)      445.0826 (10.53)      444.7505 (10.53)    0.3507 (15.83)      444.9391 (10.54)     0.5751 (24.40)         1;0   2.2485 (0.09)          5           1
test_process_data_benchmark[4-10000000]     2,840.7500 (67.36)    2,841.7952 (67.22)    2,841.1226 (67.28)    0.4706 (21.24)    2,840.8257 (67.27)     0.7433 (31.54)         1;0   0.3520 (0.01)          5           1
test_process_data_benchmark[5-10000000]     2,850.5209 (67.60)    2,851.1550 (67.44)    2,850.8019 (67.51)    0.3171 (14.31)    2,850.6197 (67.51)     0.5820 (24.70)         2;0   0.3508 (0.01)          5           1
test_process_data_benchmark[3-10000000]     2,851.6845 (67.62)    2,852.5649 (67.47)    2,852.0462 (67.54)    0.3806 (17.18)    2,851.8338 (67.53)     0.6067 (25.74)         1;0   0.3506 (0.01)          5           1
test_process_data_benchmark[2-10000000]     2,852.8801 (67.65)    2,853.6814 (67.50)    2,853.2264 (67.56)    0.3829 (17.28)    2,853.0662 (67.56)     0.7118 (30.20)         1;0   0.3505 (0.01)          5           1
test_process_data_benchmark[0-10000000]     2,869.4022 (68.04)    2,878.7552 (68.09)    2,873.1931 (68.04)    4.7083 (212.50)   2,870.2643 (67.97)     8.5334 (362.09)        2;0   0.3480 (0.01)          5           1
------------------------------------------------------------------------------------------------------------------------------------------------------------------------------------------------------------------------

Legend:
  Outliers: 1 Standard Deviation from Mean; 1.5 IQR (InterQuartile Range) from 1st Quartile and 3rd Quartile.
  OPS: Operations Per Second, computed as 1 / Mean
12 passed in 116.07s (0:01:56)

 Performance counter stats for 'system wide':

          2.841,35 Joules power/energy-pkg/                                           

     116,211399380 seconds time elapsed

