............                                                             [100%]

------------------------------------------------------------------------------------------------- benchmark: 12 tests --------------------------------------------------------------------------------------------------
Name (time in ms)                                  Min                   Max                  Mean            StdDev                Median                IQR            Outliers      OPS            Rounds  Iterations
------------------------------------------------------------------------------------------------------------------------------------------------------------------------------------------------------------------------
test_process_data_benchmark[1-1000000]         41.7773 (1.0)         42.9558 (1.0)         41.9663 (1.0)      0.2284 (1.26)        41.9346 (1.0)       0.1256 (1.0)           1;2  23.8287 (1.0)          24           1
test_process_data_benchmark[5-1000000]        270.4558 (6.47)       271.1483 (6.31)       270.7935 (6.45)     0.2733 (1.51)       270.8102 (6.46)      0.4283 (3.41)          2;0   3.6929 (0.15)          5           1
test_process_data_benchmark[2-1000000]        270.4667 (6.47)       270.9198 (6.31)       270.7748 (6.45)     0.1808 (1.0)        270.8345 (6.46)      0.1951 (1.55)          1;0   3.6931 (0.15)          5           1
test_process_data_benchmark[3-1000000]        270.4849 (6.47)       271.4537 (6.32)       270.9230 (6.46)     0.3991 (2.21)       270.9727 (6.46)      0.6542 (5.21)          2;0   3.6911 (0.15)          5           1
test_process_data_benchmark[4-1000000]        270.5501 (6.48)       271.0971 (6.31)       270.7857 (6.45)     0.2049 (1.13)       270.7360 (6.46)      0.2561 (2.04)          2;0   3.6930 (0.15)          5           1
test_process_data_benchmark[0-1000000]        275.6696 (6.60)       276.6218 (6.44)       275.9790 (6.58)     0.4214 (2.33)       275.7374 (6.58)      0.6330 (5.04)          1;0   3.6235 (0.15)          5           1
test_process_data_benchmark[1-10000000]       438.4659 (10.50)      443.5480 (10.33)      441.3477 (10.52)    2.5996 (14.37)      442.8147 (10.56)     4.8558 (38.67)         2;0   2.2658 (0.10)          5           1
test_process_data_benchmark[5-10000000]     2,728.5639 (65.31)    2,731.8249 (63.60)    2,730.1995 (65.06)    1.1656 (6.45)     2,730.1163 (65.10)     1.1609 (9.25)          2;0   0.3663 (0.02)          5           1
test_process_data_benchmark[4-10000000]     2,729.7392 (65.34)    2,730.6377 (63.57)    2,730.2700 (65.06)    0.4483 (2.48)     2,730.5301 (65.11)     0.8194 (6.53)          1;0   0.3663 (0.02)          5           1
test_process_data_benchmark[2-10000000]     2,732.6597 (65.41)    2,733.3981 (63.63)    2,733.0675 (65.13)    0.2821 (1.56)     2,733.0541 (65.17)     0.3927 (3.13)          2;0   0.3659 (0.02)          5           1
test_process_data_benchmark[0-10000000]     2,738.2524 (65.54)    2,755.1298 (64.14)    2,748.0041 (65.48)    8.7034 (48.13)    2,753.6008 (65.66)    15.9055 (126.67)        2;0   0.3639 (0.02)          5           1
test_process_data_benchmark[3-10000000]     2,748.3733 (65.79)    2,750.0188 (64.02)    2,749.1251 (65.51)    0.5886 (3.25)     2,749.0543 (65.56)     0.5378 (4.28)          2;0   0.3638 (0.02)          5           1
------------------------------------------------------------------------------------------------------------------------------------------------------------------------------------------------------------------------

Legend:
  Outliers: 1 Standard Deviation from Mean; 1.5 IQR (InterQuartile Range) from 1st Quartile and 3rd Quartile.
  OPS: Operations Per Second, computed as 1 / Mean
12 passed in 111.59s (0:01:51)

 Performance counter stats for 'system wide':

          2.839,21 Joules power/energy-pkg/                                           

     111,732122282 seconds time elapsed

