............                                                             [100%]

-------------------------------------------------------------------------------------------------- benchmark: 12 tests --------------------------------------------------------------------------------------------------
Name (time in ms)                                  Min                   Max                  Mean             StdDev                Median                IQR            Outliers      OPS            Rounds  Iterations
-------------------------------------------------------------------------------------------------------------------------------------------------------------------------------------------------------------------------
test_process_data_benchmark[1-1000000]         42.3314 (1.0)         42.4559 (1.0)         42.3794 (1.0)       0.0332 (1.0)         42.3813 (1.0)       0.0455 (1.10)          5;0  23.5964 (1.0)          23           1
test_process_data_benchmark[3-1000000]        277.3357 (6.55)       278.1963 (6.55)       277.5449 (6.55)      0.3678 (11.07)      277.3731 (6.54)      0.3034 (7.32)          1;1   3.6030 (0.15)          5           1
test_process_data_benchmark[5-1000000]        277.4454 (6.55)       277.6278 (6.54)       277.5241 (6.55)      0.0796 (2.40)       277.5103 (6.55)      0.1413 (3.41)          1;0   3.6033 (0.15)          5           1
test_process_data_benchmark[2-1000000]        277.7353 (6.56)       277.9656 (6.55)       277.8646 (6.56)      0.1053 (3.17)       277.9221 (6.56)      0.1816 (4.38)          1;0   3.5989 (0.15)          5           1
test_process_data_benchmark[4-1000000]        279.3845 (6.60)       279.5044 (6.58)       279.4444 (6.59)      0.0428 (1.29)       279.4418 (6.59)      0.0415 (1.0)           2;0   3.5785 (0.15)          5           1
test_process_data_benchmark[0-1000000]        282.3468 (6.67)       284.8003 (6.71)       284.1811 (6.71)      1.0323 (31.08)      284.5606 (6.71)      0.7672 (18.50)         1;1   3.5189 (0.15)          5           1
test_process_data_benchmark[1-10000000]       444.0144 (10.49)      444.9365 (10.48)      444.2353 (10.48)     0.3934 (11.84)      444.0918 (10.48)     0.2681 (6.47)          1;1   2.2511 (0.10)          5           1
test_process_data_benchmark[4-10000000]     2,796.3444 (66.06)    2,799.2495 (65.93)    2,797.6962 (66.02)     1.2910 (38.86)    2,798.1771 (66.02)     2.2122 (53.35)         3;0   0.3574 (0.02)          5           1
test_process_data_benchmark[0-10000000]     2,796.5352 (66.06)    2,826.3493 (66.57)    2,814.2338 (66.41)    15.8003 (475.66)   2,825.4392 (66.67)    28.5923 (689.55)        2;0   0.3553 (0.02)          5           1
test_process_data_benchmark[3-10000000]     2,798.9058 (66.12)    2,800.4839 (65.96)    2,799.8556 (66.07)     0.5795 (17.45)    2,799.9184 (66.06)     0.4961 (11.96)         2;1   0.3572 (0.02)          5           1
test_process_data_benchmark[5-10000000]     2,799.4362 (66.13)    2,802.7586 (66.02)    2,801.1085 (66.10)     1.3248 (39.88)    2,801.5646 (66.10)     1.9918 (48.04)         2;0   0.3570 (0.02)          5           1
test_process_data_benchmark[2-10000000]     2,801.6439 (66.18)    2,804.9308 (66.07)    2,803.3335 (66.15)     1.3539 (40.76)    2,803.7466 (66.16)     2.2064 (53.21)         2;0   0.3567 (0.02)          5           1
-------------------------------------------------------------------------------------------------------------------------------------------------------------------------------------------------------------------------

Legend:
  Outliers: 1 Standard Deviation from Mean; 1.5 IQR (InterQuartile Range) from 1st Quartile and 3rd Quartile.
  OPS: Operations Per Second, computed as 1 / Mean
12 passed in 114.19s (0:01:54)

 Performance counter stats for 'system wide':

          2.761,88 Joules power/energy-pkg/                                           

     114,328305294 seconds time elapsed

