............                                                             [100%]

------------------------------------------------------------------------------------------------- benchmark: 12 tests -------------------------------------------------------------------------------------------------
Name (time in ms)                                  Min                   Max                  Mean            StdDev                Median               IQR            Outliers      OPS            Rounds  Iterations
-----------------------------------------------------------------------------------------------------------------------------------------------------------------------------------------------------------------------
test_process_data_benchmark[1-1000000]         42.2305 (1.0)         42.8436 (1.0)         42.3077 (1.0)      0.1194 (8.00)        42.2897 (1.0)      0.0426 (2.12)          1;1  23.6364 (1.0)          23           1
test_process_data_benchmark[2-1000000]        276.2066 (6.54)       276.8214 (6.46)       276.5743 (6.54)     0.3140 (21.03)      276.7877 (6.55)     0.5620 (28.04)         2;0   3.6157 (0.15)          5           1
test_process_data_benchmark[5-1000000]        277.6236 (6.57)       277.7095 (6.48)       277.6716 (6.56)     0.0421 (2.82)       277.6969 (6.57)     0.0754 (3.76)          2;0   3.6014 (0.15)          5           1
test_process_data_benchmark[4-1000000]        277.9461 (6.58)       277.9846 (6.49)       277.9629 (6.57)     0.0149 (1.0)        277.9657 (6.57)     0.0200 (1.0)           2;0   3.5976 (0.15)          5           1
test_process_data_benchmark[3-1000000]        278.0634 (6.58)       278.1234 (6.49)       278.0934 (6.57)     0.0281 (1.88)       278.0912 (6.58)     0.0539 (2.69)          2;0   3.5959 (0.15)          5           1
test_process_data_benchmark[0-1000000]        278.6724 (6.60)       281.3188 (6.57)       280.7432 (6.64)     1.1582 (77.60)      281.2526 (6.65)     0.6913 (34.49)         1;1   3.5620 (0.15)          5           1
test_process_data_benchmark[1-10000000]       444.4628 (10.52)      445.3810 (10.40)      444.9587 (10.52)    0.4263 (28.56)      445.1752 (10.53)    0.7551 (37.67)         1;0   2.2474 (0.10)          5           1
test_process_data_benchmark[2-10000000]     2,784.5937 (65.94)    2,786.2635 (65.03)    2,785.4253 (65.84)    0.6223 (41.69)    2,785.3750 (65.86)    0.8303 (41.43)         2;0   0.3590 (0.02)          5           1
test_process_data_benchmark[4-10000000]     2,797.9836 (66.26)    2,802.6735 (65.42)    2,800.4661 (66.19)    2.2195 (148.69)   2,801.6926 (66.25)    3.9204 (195.61)        2;0   0.3571 (0.02)          5           1
test_process_data_benchmark[3-10000000]     2,801.5288 (66.34)    2,802.8645 (65.42)    2,802.0527 (66.23)    0.5156 (34.54)    2,801.9378 (66.26)    0.6722 (33.54)         2;0   0.3569 (0.02)          5           1
test_process_data_benchmark[0-10000000]     2,805.0162 (66.42)    2,812.5160 (65.65)    2,808.0369 (66.37)    3.8095 (255.22)   2,805.7243 (66.35)    6.9783 (348.17)        2;0   0.3561 (0.02)          5           1
test_process_data_benchmark[5-10000000]     2,807.9396 (66.49)    2,809.1432 (65.57)    2,808.4507 (66.38)    0.5487 (36.76)    2,808.1237 (66.40)    0.9246 (46.13)         1;0   0.3561 (0.02)          5           1
-----------------------------------------------------------------------------------------------------------------------------------------------------------------------------------------------------------------------

Legend:
  Outliers: 1 Standard Deviation from Mean; 1.5 IQR (InterQuartile Range) from 1st Quartile and 3rd Quartile.
  OPS: Operations Per Second, computed as 1 / Mean
12 passed in 114.04s (0:01:54)

 Performance counter stats for 'system wide':

          2.800,06 Joules power/energy-pkg/                                           

     114,184774611 seconds time elapsed

