............                                                             [100%]

------------------------------------------------------------------------------------------------- benchmark: 12 tests -------------------------------------------------------------------------------------------------
Name (time in ms)                                  Min                   Max                  Mean            StdDev                Median               IQR            Outliers      OPS            Rounds  Iterations
-----------------------------------------------------------------------------------------------------------------------------------------------------------------------------------------------------------------------
test_process_data_benchmark[1-1000000]         42.7548 (1.0)         42.8560 (1.0)         42.8014 (1.0)      0.0289 (1.0)         42.7947 (1.0)      0.0457 (1.0)           6;0  23.3637 (1.0)          23           1
test_process_data_benchmark[5-1000000]        276.2623 (6.46)       276.3680 (6.45)       276.3163 (6.46)     0.0477 (1.65)       276.3321 (6.46)     0.0863 (1.89)          2;0   3.6190 (0.15)          5           1
test_process_data_benchmark[4-1000000]        276.3068 (6.46)       277.5575 (6.48)       276.7506 (6.47)     0.5551 (19.23)      276.4328 (6.46)     0.8763 (19.18)         1;0   3.6134 (0.15)          5           1
test_process_data_benchmark[3-1000000]        276.6270 (6.47)       276.7361 (6.46)       276.6852 (6.46)     0.0535 (1.85)       276.7165 (6.47)     0.0960 (2.10)          2;0   3.6142 (0.15)          5           1
test_process_data_benchmark[2-1000000]        278.7154 (6.52)       278.9621 (6.51)       278.8580 (6.52)     0.1235 (4.28)       278.9391 (6.52)     0.2202 (4.82)          2;0   3.5861 (0.15)          5           1
test_process_data_benchmark[0-1000000]        280.3635 (6.56)       282.4173 (6.59)       281.1213 (6.57)     0.8379 (29.03)      281.2010 (6.57)     1.1474 (25.11)         1;0   3.5572 (0.15)          5           1
test_process_data_benchmark[1-10000000]       443.5246 (10.37)      443.8314 (10.36)      443.6332 (10.36)    0.1330 (4.61)       443.5721 (10.37)    0.2088 (4.57)          1;0   2.2541 (0.10)          5           1
test_process_data_benchmark[3-10000000]     2,777.4508 (64.96)    2,779.5140 (64.86)    2,778.3987 (64.91)    0.7967 (27.61)    2,778.3251 (64.92)    1.1754 (25.73)         2;0   0.3599 (0.02)          5           1
test_process_data_benchmark[4-10000000]     2,777.7142 (64.97)    2,779.2116 (64.85)    2,778.3573 (64.91)    0.5973 (20.70)    2,778.4802 (64.93)    0.8634 (18.90)         2;0   0.3599 (0.02)          5           1
test_process_data_benchmark[5-10000000]     2,778.5222 (64.99)    2,779.6933 (64.86)    2,779.0328 (64.93)    0.4678 (16.21)    2,779.0825 (64.94)    0.7116 (15.58)         2;0   0.3598 (0.02)          5           1
test_process_data_benchmark[0-10000000]     2,786.3380 (65.17)    2,790.0793 (65.10)    2,787.9225 (65.14)    1.7641 (61.13)    2,786.9579 (65.12)    3.1291 (68.49)         1;0   0.3587 (0.02)          5           1
test_process_data_benchmark[2-10000000]     2,801.1747 (65.52)    2,803.8410 (65.42)    2,802.3941 (65.47)    1.2557 (43.51)    2,801.9591 (65.47)    2.3490 (51.41)         1;0   0.3568 (0.02)          5           1
-----------------------------------------------------------------------------------------------------------------------------------------------------------------------------------------------------------------------

Legend:
  Outliers: 1 Standard Deviation from Mean; 1.5 IQR (InterQuartile Range) from 1st Quartile and 3rd Quartile.
  OPS: Operations Per Second, computed as 1 / Mean
12 passed in 113.53s (0:01:53)

 Performance counter stats for 'system wide':

          2.856,34 Joules power/energy-pkg/                                           

     113,676984607 seconds time elapsed

