............                                                             [100%]

------------------------------------------------------------------------------------------------- benchmark: 12 tests -------------------------------------------------------------------------------------------------
Name (time in ms)                                  Min                   Max                  Mean            StdDev                Median               IQR            Outliers      OPS            Rounds  Iterations
-----------------------------------------------------------------------------------------------------------------------------------------------------------------------------------------------------------------------
test_process_data_benchmark[1-1000000]         42.6086 (1.0)         42.6938 (1.0)         42.6407 (1.0)      0.0224 (1.0)         42.6363 (1.0)      0.0267 (1.0)           6;2  23.4517 (1.0)          23           1
test_process_data_benchmark[5-1000000]        277.2997 (6.51)       278.1502 (6.52)       277.4870 (6.51)     0.3713 (16.56)      277.3200 (6.50)     0.2413 (9.04)          1;1   3.6038 (0.15)          5           1
test_process_data_benchmark[2-1000000]        277.8578 (6.52)       277.9267 (6.51)       277.8831 (6.52)     0.0265 (1.18)       277.8736 (6.52)     0.0303 (1.13)          1;0   3.5986 (0.15)          5           1
test_process_data_benchmark[3-1000000]        277.9393 (6.52)       278.1387 (6.51)       278.0341 (6.52)     0.0806 (3.59)       278.0042 (6.52)     0.1245 (4.66)          2;0   3.5967 (0.15)          5           1
test_process_data_benchmark[4-1000000]        281.1943 (6.60)       281.3143 (6.59)       281.2473 (6.60)     0.0522 (2.33)       281.2245 (6.60)     0.0884 (3.31)          2;0   3.5556 (0.15)          5           1
test_process_data_benchmark[0-1000000]        281.6208 (6.61)       283.0824 (6.63)       282.2282 (6.62)     0.5426 (24.20)      282.0767 (6.62)     0.6065 (22.72)         2;0   3.5432 (0.15)          5           1
test_process_data_benchmark[1-10000000]       440.4036 (10.34)      446.1902 (10.45)      443.7577 (10.41)    2.9889 (133.30)     445.7689 (10.46)    5.4050 (202.46)        2;0   2.2535 (0.10)          5           1
test_process_data_benchmark[3-10000000]     2,792.8601 (65.55)    2,794.5833 (65.46)    2,793.7065 (65.52)    0.6677 (29.78)    2,793.7436 (65.52)    1.0065 (37.70)         2;0   0.3579 (0.02)          5           1
test_process_data_benchmark[4-10000000]     2,793.2862 (65.56)    2,795.2865 (65.47)    2,794.2639 (65.53)    0.7088 (31.61)    2,794.2680 (65.54)    0.5875 (22.01)         2;0   0.3579 (0.02)          5           1
test_process_data_benchmark[5-10000000]     2,793.5907 (65.56)    2,795.3147 (65.47)    2,794.6114 (65.54)    0.6453 (28.78)    2,794.8359 (65.55)    0.7205 (26.99)         2;0   0.3578 (0.02)          5           1
test_process_data_benchmark[2-10000000]     2,793.7089 (65.57)    2,795.4984 (65.48)    2,794.7294 (65.54)    0.7076 (31.56)    2,794.8701 (65.55)    1.0696 (40.07)         2;0   0.3578 (0.02)          5           1
test_process_data_benchmark[0-10000000]     2,798.4754 (65.68)    2,800.1594 (65.59)    2,799.3683 (65.65)    0.6116 (27.28)    2,799.4841 (65.66)    0.6799 (25.47)         2;0   0.3572 (0.02)          5           1
-----------------------------------------------------------------------------------------------------------------------------------------------------------------------------------------------------------------------

Legend:
  Outliers: 1 Standard Deviation from Mean; 1.5 IQR (InterQuartile Range) from 1st Quartile and 3rd Quartile.
  OPS: Operations Per Second, computed as 1 / Mean
12 passed in 113.96s (0:01:53)

 Performance counter stats for 'system wide':

          2.808,27 Joules power/energy-pkg/                                           

     114,100840030 seconds time elapsed

