............                                                             [100%]

------------------------------------------------------------------------------------------------- benchmark: 12 tests -------------------------------------------------------------------------------------------------
Name (time in ms)                                  Min                   Max                  Mean            StdDev                Median               IQR            Outliers      OPS            Rounds  Iterations
-----------------------------------------------------------------------------------------------------------------------------------------------------------------------------------------------------------------------
test_process_data_benchmark[1-1000000]         42.7027 (1.0)         42.8843 (1.0)         42.7412 (1.0)      0.0410 (1.39)        42.7292 (1.0)      0.0421 (1.0)           3;1  23.3966 (1.0)          23           1
test_process_data_benchmark[0-1000000]        283.5018 (6.64)       284.5606 (6.64)       283.7282 (6.64)     0.4657 (15.78)      283.5261 (6.64)     0.2995 (7.12)          1;1   3.5245 (0.15)          5           1
test_process_data_benchmark[2-1000000]        284.0557 (6.65)       285.1743 (6.65)       284.4655 (6.66)     0.4469 (15.14)      284.4834 (6.66)     0.5755 (13.68)         1;0   3.5154 (0.15)          5           1
test_process_data_benchmark[3-1000000]        284.0901 (6.65)       284.1608 (6.63)       284.1260 (6.65)     0.0295 (1.0)        284.1273 (6.65)     0.0509 (1.21)          2;0   3.5196 (0.15)          5           1
test_process_data_benchmark[5-1000000]        284.3674 (6.66)       285.1177 (6.65)       284.5312 (6.66)     0.3283 (11.12)      284.3855 (6.66)     0.2176 (5.17)          1;1   3.5146 (0.15)          5           1
test_process_data_benchmark[4-1000000]        284.7889 (6.67)       285.2301 (6.65)       284.9764 (6.67)     0.2286 (7.75)       284.8351 (6.67)     0.4227 (10.04)         2;0   3.5091 (0.15)          5           1
test_process_data_benchmark[1-10000000]       446.8463 (10.46)      447.3206 (10.43)      447.0715 (10.46)    0.2202 (7.46)       447.0869 (10.46)    0.4189 (9.95)          2;0   2.2368 (0.10)          5           1
test_process_data_benchmark[0-10000000]     2,859.1200 (66.95)    2,860.1468 (66.69)    2,859.4962 (66.90)    0.3961 (13.42)    2,859.4093 (66.92)    0.4629 (11.00)         1;0   0.3497 (0.01)          5           1
test_process_data_benchmark[2-10000000]     2,859.3551 (66.96)    2,862.6748 (66.75)    2,861.2648 (66.94)    1.4606 (49.49)    2,862.1071 (66.98)    2.3780 (56.51)         1;0   0.3495 (0.01)          5           1
test_process_data_benchmark[5-10000000]     2,865.8883 (67.11)    2,869.8859 (66.92)    2,867.5115 (67.09)    1.8328 (62.10)    2,866.5205 (67.09)    3.1609 (75.11)         1;0   0.3487 (0.01)          5           1
test_process_data_benchmark[4-10000000]     2,867.6238 (67.15)    2,868.4110 (66.89)    2,867.9868 (67.10)    0.3189 (10.81)    2,867.9572 (67.12)    0.5214 (12.39)         2;0   0.3487 (0.01)          5           1
test_process_data_benchmark[3-10000000]     2,872.1906 (67.26)    2,873.1296 (67.00)    2,872.5073 (67.21)    0.3634 (12.31)    2,872.3902 (67.22)    0.3365 (8.00)          1;0   0.3481 (0.01)          5           1
-----------------------------------------------------------------------------------------------------------------------------------------------------------------------------------------------------------------------

Legend:
  Outliers: 1 Standard Deviation from Mean; 1.5 IQR (InterQuartile Range) from 1st Quartile and 3rd Quartile.
  OPS: Operations Per Second, computed as 1 / Mean
12 passed in 116.62s (0:01:56)

 Performance counter stats for 'system wide':

          2.893,79 Joules power/energy-pkg/                                           

     116,761355086 seconds time elapsed

