............                                                             [100%]

------------------------------------------------------------------------------------------------- benchmark: 12 tests -------------------------------------------------------------------------------------------------
Name (time in ms)                                  Min                   Max                  Mean            StdDev                Median               IQR            Outliers      OPS            Rounds  Iterations
-----------------------------------------------------------------------------------------------------------------------------------------------------------------------------------------------------------------------
test_process_data_benchmark[1-1000000]         42.7683 (1.0)         42.9238 (1.0)         42.8050 (1.0)      0.0318 (1.0)         42.8062 (1.0)      0.0331 (1.0)           3;1  23.3618 (1.0)          23           1
test_process_data_benchmark[3-1000000]        277.4629 (6.49)       277.6846 (6.47)       277.5580 (6.48)     0.0844 (2.65)       277.5593 (6.48)     0.1124 (3.40)          2;0   3.6029 (0.15)          5           1
test_process_data_benchmark[2-1000000]        277.5135 (6.49)       277.7175 (6.47)       277.6084 (6.49)     0.0847 (2.66)       277.5876 (6.48)     0.1420 (4.29)          2;0   3.6022 (0.15)          5           1
test_process_data_benchmark[5-1000000]        277.7026 (6.49)       278.4396 (6.49)       278.1418 (6.50)     0.3913 (12.30)      278.4136 (6.50)     0.7130 (21.55)         2;0   3.5953 (0.15)          5           1
test_process_data_benchmark[4-1000000]        278.7635 (6.52)       278.8883 (6.50)       278.8367 (6.51)     0.0538 (1.69)       278.8647 (6.51)     0.0870 (2.63)          1;0   3.5863 (0.15)          5           1
test_process_data_benchmark[0-1000000]        281.0323 (6.57)       283.4283 (6.60)       281.5460 (6.58)     1.0525 (33.08)      281.0873 (6.57)     0.6143 (18.57)         1;1   3.5518 (0.15)          5           1
test_process_data_benchmark[1-10000000]       441.4911 (10.32)      446.6700 (10.41)      444.5870 (10.39)    2.8253 (88.81)      446.6268 (10.43)    5.1656 (156.14)        2;0   2.2493 (0.10)          5           1
test_process_data_benchmark[4-10000000]     2,789.8138 (65.23)    2,793.6505 (65.08)    2,791.7993 (65.22)    1.6813 (52.85)    2,792.4797 (65.24)    2.8937 (87.47)         2;0   0.3582 (0.02)          5           1
test_process_data_benchmark[2-10000000]     2,791.2488 (65.26)    2,793.7545 (65.09)    2,792.5794 (65.24)    0.9639 (30.30)    2,792.7747 (65.24)    1.3960 (42.20)         2;0   0.3581 (0.02)          5           1
test_process_data_benchmark[5-10000000]     2,791.8600 (65.28)    2,793.0819 (65.07)    2,792.3593 (65.23)    0.4475 (14.07)    2,792.3022 (65.23)    0.4252 (12.85)         2;0   0.3581 (0.02)          5           1
test_process_data_benchmark[3-10000000]     2,794.3329 (65.34)    2,795.9630 (65.14)    2,795.1839 (65.30)    0.5782 (18.17)    2,795.2216 (65.30)    0.4751 (14.36)         2;0   0.3578 (0.02)          5           1
test_process_data_benchmark[0-10000000]     2,797.8045 (65.42)    2,799.3010 (65.22)    2,798.3631 (65.37)    0.6487 (20.39)    2,798.0119 (65.36)    1.0177 (30.76)         1;0   0.3574 (0.02)          5           1
-----------------------------------------------------------------------------------------------------------------------------------------------------------------------------------------------------------------------

Legend:
  Outliers: 1 Standard Deviation from Mean; 1.5 IQR (InterQuartile Range) from 1st Quartile and 3rd Quartile.
  OPS: Operations Per Second, computed as 1 / Mean
12 passed in 113.87s (0:01:53)

 Performance counter stats for 'system wide':

          2.712,60 Joules power/energy-pkg/                                           

     114,011044382 seconds time elapsed

