............                                                             [100%]

------------------------------------------------------------------------------------------------- benchmark: 12 tests -------------------------------------------------------------------------------------------------
Name (time in ms)                                  Min                   Max                  Mean            StdDev                Median               IQR            Outliers      OPS            Rounds  Iterations
-----------------------------------------------------------------------------------------------------------------------------------------------------------------------------------------------------------------------
test_process_data_benchmark[1-1000000]         42.9305 (1.0)         43.4141 (1.0)         43.1509 (1.0)      0.2088 (2.04)        42.9885 (1.0)      0.4156 (2.22)          9;0  23.1745 (1.0)          23           1
test_process_data_benchmark[5-1000000]        275.8381 (6.43)       277.1484 (6.38)       276.3188 (6.40)     0.5255 (5.14)       276.3414 (6.43)     0.6880 (3.67)          1;0   3.6190 (0.16)          5           1
test_process_data_benchmark[3-1000000]        275.9852 (6.43)       276.1966 (6.36)       276.1027 (6.40)     0.1022 (1.0)        276.1544 (6.42)     0.1873 (1.0)           2;0   3.6218 (0.16)          5           1
test_process_data_benchmark[2-1000000]        276.2464 (6.43)       276.8410 (6.38)       276.5893 (6.41)     0.2920 (2.86)       276.7614 (6.44)     0.5271 (2.81)          2;0   3.6155 (0.16)          5           1
test_process_data_benchmark[0-1000000]        278.9371 (6.50)       280.5205 (6.46)       279.6085 (6.48)     0.5777 (5.65)       279.4610 (6.50)     0.5684 (3.03)          2;0   3.5764 (0.15)          5           1
test_process_data_benchmark[4-1000000]        278.9433 (6.50)       279.5057 (6.44)       279.2578 (6.47)     0.2722 (2.66)       279.4282 (6.50)     0.4785 (2.55)          2;0   3.5809 (0.15)          5           1
test_process_data_benchmark[1-10000000]       443.1898 (10.32)      443.6144 (10.22)      443.3279 (10.27)    0.1699 (1.66)       443.2968 (10.31)    0.1916 (1.02)          1;0   2.2557 (0.10)          5           1
test_process_data_benchmark[0-10000000]     2,770.8680 (64.54)    2,775.5722 (63.93)    2,772.7480 (64.26)    2.2013 (21.54)    2,771.6634 (64.47)    3.9188 (20.92)         1;0   0.3607 (0.02)          5           1
test_process_data_benchmark[3-10000000]     2,773.5917 (64.61)    2,778.8789 (64.01)    2,775.8616 (64.33)    2.6745 (26.18)    2,774.5636 (64.54)    5.0747 (27.09)         2;0   0.3602 (0.02)          5           1
test_process_data_benchmark[5-10000000]     2,774.0217 (64.62)    2,779.4471 (64.02)    2,776.2701 (64.34)    2.6377 (25.82)    2,774.8623 (64.55)    4.8071 (25.66)         1;0   0.3602 (0.02)          5           1
test_process_data_benchmark[2-10000000]     2,780.4962 (64.77)    2,783.5876 (64.12)    2,782.3197 (64.48)    1.3320 (13.04)    2,782.9996 (64.74)    2.1536 (11.50)         1;0   0.3594 (0.02)          5           1
test_process_data_benchmark[4-10000000]     2,781.8402 (64.80)    2,788.0294 (64.22)    2,784.3057 (64.52)    2.9892 (29.26)    2,782.5575 (64.73)    5.3153 (28.38)         1;0   0.3592 (0.02)          5           1
-----------------------------------------------------------------------------------------------------------------------------------------------------------------------------------------------------------------------

Legend:
  Outliers: 1 Standard Deviation from Mean; 1.5 IQR (InterQuartile Range) from 1st Quartile and 3rd Quartile.
  OPS: Operations Per Second, computed as 1 / Mean
12 passed in 113.22s (0:01:53)

 Performance counter stats for 'system wide':

          2.735,60 Joules power/energy-pkg/                                           

     113,357132647 seconds time elapsed

