............                                                             [100%]

------------------------------------------------------------------------------------------------- benchmark: 12 tests -------------------------------------------------------------------------------------------------
Name (time in ms)                                  Min                   Max                  Mean            StdDev                Median               IQR            Outliers      OPS            Rounds  Iterations
-----------------------------------------------------------------------------------------------------------------------------------------------------------------------------------------------------------------------
test_process_data_benchmark[1-1000000]         42.7652 (1.0)         43.0548 (1.0)         42.8369 (1.0)      0.0638 (2.09)        42.8215 (1.0)      0.0590 (1.12)          5;1  23.3443 (1.0)          23           1
test_process_data_benchmark[2-1000000]        274.8245 (6.43)       275.7160 (6.40)       275.0823 (6.42)     0.3599 (11.80)      274.9469 (6.42)     0.2807 (5.33)          1;1   3.6353 (0.16)          5           1
test_process_data_benchmark[3-1000000]        275.1268 (6.43)       275.1948 (6.39)       275.1588 (6.42)     0.0305 (1.0)        275.1706 (6.43)     0.0526 (1.0)           3;0   3.6343 (0.16)          5           1
test_process_data_benchmark[5-1000000]        275.3262 (6.44)       276.3078 (6.42)       275.8734 (6.44)     0.4612 (15.12)      276.1079 (6.45)     0.8265 (15.70)         1;0   3.6249 (0.16)          5           1
test_process_data_benchmark[4-1000000]        275.9905 (6.45)       276.0945 (6.41)       276.0538 (6.44)     0.0453 (1.48)       276.0743 (6.45)     0.0748 (1.42)          1;0   3.6225 (0.16)          5           1
test_process_data_benchmark[0-1000000]        279.3667 (6.53)       281.6277 (6.54)       279.8743 (6.53)     0.9820 (32.20)      279.4813 (6.53)     0.6553 (12.45)         1;1   3.5730 (0.15)          5           1
test_process_data_benchmark[1-10000000]       449.9745 (10.52)      455.2251 (10.57)      452.1452 (10.56)    2.7146 (89.02)      450.3093 (10.52)    4.9061 (93.19)         2;0   2.2117 (0.09)          5           1
test_process_data_benchmark[0-10000000]     2,772.3279 (64.83)    2,774.4547 (64.44)    2,773.4307 (64.74)    0.9705 (31.83)    2,773.6994 (64.77)    1.7921 (34.04)         2;0   0.3606 (0.02)          5           1
test_process_data_benchmark[2-10000000]     2,772.5354 (64.83)    2,774.1083 (64.43)    2,772.9960 (64.73)    0.6479 (21.25)    2,772.6692 (64.75)    0.6745 (12.81)         1;0   0.3606 (0.02)          5           1
test_process_data_benchmark[3-10000000]     2,780.5112 (65.02)    2,781.7771 (64.61)    2,781.0551 (64.92)    0.5008 (16.42)    2,780.9392 (64.94)    0.7548 (14.34)         2;0   0.3596 (0.02)          5           1
test_process_data_benchmark[5-10000000]     2,780.9734 (65.03)    2,783.4052 (64.65)    2,782.6906 (64.96)    1.0029 (32.89)    2,783.1449 (64.99)    1.0899 (20.70)         1;0   0.3594 (0.02)          5           1
test_process_data_benchmark[4-10000000]     2,784.7921 (65.12)    2,785.5098 (64.70)    2,785.2197 (65.02)    0.2877 (9.44)     2,785.1906 (65.04)    0.4152 (7.89)          2;0   0.3590 (0.02)          5           1
-----------------------------------------------------------------------------------------------------------------------------------------------------------------------------------------------------------------------

Legend:
  Outliers: 1 Standard Deviation from Mean; 1.5 IQR (InterQuartile Range) from 1st Quartile and 3rd Quartile.
  OPS: Operations Per Second, computed as 1 / Mean
12 passed in 113.28s (0:01:53)

 Performance counter stats for 'system wide':

          2.867,93 Joules power/energy-pkg/                                           

     113,420075303 seconds time elapsed

