............                                                             [100%]

------------------------------------------------------------------------------------------------- benchmark: 12 tests -------------------------------------------------------------------------------------------------
Name (time in ms)                                  Min                   Max                  Mean            StdDev                Median               IQR            Outliers      OPS            Rounds  Iterations
-----------------------------------------------------------------------------------------------------------------------------------------------------------------------------------------------------------------------
test_process_data_benchmark[1-1000000]         42.8320 (1.0)         42.9578 (1.0)         42.8811 (1.0)      0.0392 (1.0)         42.8864 (1.0)      0.0617 (1.0)           7;0  23.3203 (1.0)          23           1
test_process_data_benchmark[3-1000000]        276.5093 (6.46)       276.6117 (6.44)       276.5586 (6.45)     0.0411 (1.05)       276.5502 (6.45)     0.0655 (1.06)          2;0   3.6159 (0.16)          5           1
test_process_data_benchmark[4-1000000]        277.0972 (6.47)       277.2323 (6.45)       277.1690 (6.46)     0.0600 (1.53)       277.1629 (6.46)     0.1095 (1.78)          2;0   3.6079 (0.15)          5           1
test_process_data_benchmark[5-1000000]        277.3208 (6.47)       278.1376 (6.47)       277.5508 (6.47)     0.3324 (8.47)       277.4248 (6.47)     0.2529 (4.10)          1;1   3.6029 (0.15)          5           1
test_process_data_benchmark[2-1000000]        278.2949 (6.50)       279.1584 (6.50)       278.5195 (6.50)     0.3605 (9.19)       278.3573 (6.49)     0.2746 (4.45)          1;1   3.5904 (0.15)          5           1
test_process_data_benchmark[0-1000000]        280.0903 (6.54)       281.4948 (6.55)       280.6540 (6.54)     0.6522 (16.62)      280.3918 (6.54)     1.1781 (19.10)         1;0   3.5631 (0.15)          5           1
test_process_data_benchmark[1-10000000]       443.4902 (10.35)      443.9394 (10.33)      443.7036 (10.35)    0.1697 (4.32)       443.7364 (10.35)    0.2258 (3.66)          2;0   2.2538 (0.10)          5           1
test_process_data_benchmark[2-10000000]     2,786.5844 (65.06)    2,788.7790 (64.92)    2,787.8831 (65.01)    0.8570 (21.84)    2,788.2281 (65.01)    1.1561 (18.75)         2;0   0.3587 (0.02)          5           1
test_process_data_benchmark[0-10000000]     2,788.0638 (65.09)    2,788.8669 (64.92)    2,788.4313 (65.03)    0.3750 (9.56)     2,788.3660 (65.02)    0.7133 (11.57)         1;0   0.3586 (0.02)          5           1
test_process_data_benchmark[5-10000000]     2,789.3557 (65.12)    2,797.2436 (65.12)    2,792.5085 (65.12)    4.0895 (104.21)   2,789.8653 (65.05)    7.4819 (121.31)        2;0   0.3581 (0.02)          5           1
test_process_data_benchmark[4-10000000]     2,790.2252 (65.14)    2,791.5245 (64.98)    2,790.9304 (65.09)    0.4866 (12.40)    2,791.0690 (65.08)    0.6194 (10.04)         2;0   0.3583 (0.02)          5           1
test_process_data_benchmark[3-10000000]     2,790.8337 (65.16)    2,791.9523 (64.99)    2,791.2304 (65.09)    0.4234 (10.79)    2,791.1042 (65.08)    0.3383 (5.48)          1;1   0.3583 (0.02)          5           1
-----------------------------------------------------------------------------------------------------------------------------------------------------------------------------------------------------------------------

Legend:
  Outliers: 1 Standard Deviation from Mean; 1.5 IQR (InterQuartile Range) from 1st Quartile and 3rd Quartile.
  OPS: Operations Per Second, computed as 1 / Mean
12 passed in 113.73s (0:01:53)

 Performance counter stats for 'system wide':

          2.793,97 Joules power/energy-pkg/                                           

     113,872030489 seconds time elapsed

